0 135 244 550 688 2593 149 1626 1800 1919 2405
1 540 1184 304 146 1873 1024 1499 2655 86 176 804 849
2 288 371 566 1472 1722 62 1114 1740 1218 1367
3 32 549 1711 120 278 111 395 907 1322 1740
4 179 612 1413 1764 268 900 1954 2455 1731
5 147 560 1020 799 2455 1026 1800 1214 1116
6 1011 450 1762 1254 1013 354 836 2047 2406
7 1211 2063 762 1415 1255 126 348 1980 1448 2213
8 354 940 183 205 1486 182 1904 1447 1703 2400
9 562 111 207 746 862 33 1862 1922 2066 2415
10 44 129 552 1807 2038 148 328 115 676 867
11 48 200 552 1013 1818 279 1113 1730 1875 2420
12 150 706 1816 1923 2428 71 145 2394 2581
13 130 441 450 660 1208 80 1966 1199 1348
14 375 1966 1220 338 857 597 1908 1646 1456 1734
15 123 540 457 2663 1474 123 862 1116 2016 1754
16 356 522 175 336 615 135 213 484 1966
17 375 1296 1921 1011 2634 278 1873 1584 1326
18 267 1504 1965 1144 1384 2227 119 1682 862 1326
19 134 421 676 180 2626 500 841 2060 1720
20 76 189 398 2343 1211 198 836 2044 2611
21 42 129 364 681 1059 20 104 1817 1640 1904
22 60 248 369 145 1813 2027 1266 1879 117 240 1878 2314 1960
23 105 288 376 1449 1971 61 672 1012 1472 2027
24 334 691 1465 1250 2604 707 940 1717 2246
25 246 399 461 570 1072 119 224 538 1855 2429
26 2561 1355 1910 2189 870 198 439 660 733 2016
27 95 200 406 1496 1911 1526 372 1863 1177 2413
28 365 514 1797 1254 1465 110 574 2106 1917
29 72 190 333 1215 1467 173 364 919 1827 271
30 440 1186 587 360 1440 28 149 1954 1911 2027
31 15 236 405 521 879 50 183 722 1803 1445
32 422 289 1962 1050 1644 206 472 1383 1855
33 88 371 1150 1522 2366 159 921 575 796
34 1303 1440 395 1020 1697 363 948 2028 2440
35 1715 1446 1952 834 2229 273 171 1621 1973
36 188 1411 2639 2432 699 460 1242 1859 2060
37 102 372 215 246 1205 1806 1115 1485 110 226 534 1809 2157
38 24 140 356 190 1153 682 1991 1535 287 455 1060 1609 1940
39 152 304 875 1408 2213 132 370 656 971 1931
40 403 1916 1650 1082 1822 267 688 1867 1321 2041
41 150 264 366 488 797 180 666 859 1410 2231
42 178 401 562 899 1644 240 205 1966 2398 2227
43 54 386 217 1447 1824 160 291 364 647 1922
44 1320 2455 36 1909 1017 1229 1943 1416 2021 2043
45 290 1720 448 185 1062 106 240 298 2044 1812
46 39 172 181 1053 1949 1479 1914 1949 2266
47 132 427 720 1916 1687 68 161 435 1345 2287
48 219 544 792 1013 1669 200 568 1447 1255
49 201 871 1744 1620 1237 579 796 2040 1612 2400
50 77 129 166 580 1011 62 119 567 900 1949
51 375 1915 303 1229 2406 1159 283 2047
52 144 512 675 1026 1984 128 672 1946 2163 2435
53 162 890 454 2561 1415 194 366 1459 1879 1319
54 875 456 1067 1411 1699 101 352 1472 2060 2382
55 143 396 524 1004 1506 40 168 1972 2520
56 60 156 896 1545 2201 1065 433 1283 1700 1827
57 372 101 577 1964 843 172 418 1367 255 1015
58 244 890 1190 547 1728 108 620 1447 2602 2342
59 41 67 103 279 606 1458 100 468 1840 2188
60 121 470 288 663 1917 229 674 1945 2029
61 178 841 506 2567 2251 447 1175 1256 2042 1968
62 1444 1254 1786 2270 561 72 226 1906 1822 2057
63 401 550 1739 688 899 100 1212 1549 1384
64 192 648 763 943 205 414 568 777 930 1486 72 394 1419 1856 2399
65 164 583 777 1046 2228 172 1810 1966 2058
66 10 384 946 1714 2019 91 1679 1800 2162 2394
67 444 187 1016 1348 950 170 257 675 844 1686
68 141 180 728 1150 1442 172 1896 604 1442 842
69 290 561 188 42 224 214 366 580 1070 2201
70 290 835 1725 2028 621 1024 1254 2018 2548 1722
71 111 474 1809 1476 2638 1640 2394 1984 1646 2064
72 325 688 1441 1904 2432 115 471 1884 2401
73 109 462 191 831 1503 37 1455 2109 1252
74 431 176 770 2011 1488 993 1848 964 180 1900 1944 2383
75 147 593 382 1713 2649 29 122 177 492 1045
76 115 279 636 1724 1881 187 161 1444 1791 2026
77 191 206 1441 175 36 254 370 766 1782 2213
78 134 2206 471 178 2525 2028 484 680 1954 2327
79 102 366 438 1445 1703 179 1906 1972 2594 1447
80 440 1024 1765 2028 1459 110 863 1969 1262 1910
81 186 360 109 497 2016 32 393 1768 2058
82 149 403 678 1112 1958 111 597 1158 1228 2078
83 387 161 109 1204 2432 668 1740 1282 33 172 706 1841 2019
84 294 1804 1213 1422 2068 208 1198 1003 1447 1968
85 172 383 268 1474 1006 51 1059 1819 2287 2632
86 368 187 500 113 122 2399 2206 974 115 225 1264 1649 2014
87 34 499 227 1867 1259 186 195 1228 1399 1811
88 25 210 381 484 888 915 1520 1769 1945 2365 251 512 682 2224 2327
89 567 14 1296 410 1979 801 260 1292 1132 1909 2467 2117
90 191 278 562 2015 1754 668 1205 1486 2631
91 194 111 1621 474 2387 355 561 458 2067 1356 2228
92 384 151 1726 2395 1017 33 2273 2056 66 172 209 239 1808
93 270 1495 192 102 1731 88 201 740 1759 2163
94 68 413 145 121 1809 1045 287 1623 172 860 975 1268 1149
95 129 544 683 290 1156 301 862 2044 1716 1250
96 2203 1275 1026 336 148 1852 450 290 162 1305 1407 1949 850
97 164 1170 245 600 1729 144 246 862 1717 387
98 75 413 281 1065 168 640 1153 1285 2068 2438
99 179 268 501 862 1285 44 924 1646 1806 2404
100 141 556 950 182 267 68 146 206 372 939
101 33 71 195 422 862 1488 1767 2448 1445 1722 1889 2012 1355
102 70 189 307 430 1152 1955 2026 2481 1396 1314 1809 206
103 376 2204 1415 912 1785 151 432 1301 1444 1680
104 176 418 893 950 2045 95 141 263 1489 1817
105 48 276 1051 337 2028 426 1214 1884 2015 1774
106 175 202 636 883 1300 104 342 1171 2153 2330
107 105 548 1156 1286 2209 190 267 405 549 2044
108 136 339 1050 1724 151 1423 350 237 283 1445 1963 682
109 578 151 237 370 962 120 180 1310 2061
110 169 1275 1955 1020 1448 89 198 310 1757 2429
111 187 218 363 975 1202 225 675 1621 1465 2366
112 110 200 472 843 1349 366 859 1011 145 1763
113 202 376 669 1411 2589 430 1914 2613 1763 1029
114 341 634 216 857 1005 172 1853 1621 950
115 366 198 1423 950 283 1176 1448 1729 400 796 1476 1691
116 145 239 2066 1718 1505 63 272 1018 1407 2256
117 180 441 474 899 1010 236 144 597 1707 2189
118 123 410 268 481 870 224 382 1900 1003 1459
119 99 171 402 548 870 1237 2008 1410 191 862 2054 1446 1978
120 102 164 201 242 377 478 652 852 40 181 1162 1843 2022
121 141 478 204 923 1763 488 116 1942 900 2485
122 256 242 567 1003 1414 1195 1858 2074 108 135 216 923
123 57 128 402 1064 1805 187 2489 1706 2026
124 190 442 1733 1364 2400 102 1141 265 400
125 111 585 1463 2015 2205 2391 1254 333 40 132 561 1987 2128
126 370 455 601 1648 739 10 862 1485 1853
127 67 207 324 467 1756 72 135 148 366 2203
128 9 288 1442 1062 151 26 242 1290 2150 864
129 394 418 770 1845 1615 146 412 1806 1994
130 376 102 1457 1104 1981 1729 1448 609 95 222 576 1387 240
131 22 460 141 306 1857 389 1975 1824 1446 2151
132 72 210 1611 1203 427 95 216 857 2038 1042
133 207 476 1165 1421 1880 701 326 2569 61 220 524 1873 2365
134 244 587 1966 1102 1420 153 510 2361 1972
135 90 256 347 582 1109 1456 2023 2244 384 796 1892 1008
136 408 572 1313 1807 2455 116 179 283 1441 2361
137 66 145 488 837 2060 2427 680 1252 2330
138 110 206 115 366 1824 1473 2025 2390 301 1710 2186 1894
139 87 412 1358 1801 2397 468 621 666 1133 1979
140 198 320 547 1020 1217 500 601 684 1414 2204
141 254 682 875 920 1415 1761 2154 2537 58 1792 2258 1183
142 120 511 198 864 1253 104 224 1363 1963 2562
143 115 327 548 1917 2024 248 603 734 1177 1559
144 270 399 1148 1721 1872 217 680 1179 1888
145 206 372 810 1476 1855 190 300 374 843 2189
146 189 433 1172 1253 2631 317 706 1343 1755
147 126 660 145 504 1814 211 390 1153 262 1488
148 42 200 612 655 1909 243 2012 2068 923
149 567 1329 1854 401 1723 198 841 728 2544 2113
150 370 132 189 920 1174 201 650 1767 1475 2383
151 462 189 265 381 1153 1448 731 1933 51 236 788 213 1821
152 121 204 268 684 1202 147 580 1262 1721 1913
153 173 947 390 867 1988 91 367 1867 2044 1290
154 121 398 286 1553 2239 2015 872 2002 34 862 1254 2276
155 462 179 290 1311 1954 840 1725 1218 426 1414 1442 1858 2081
156 199 331 874 882 738 75 1347 1908 2046
157 202 470 1615 890 1269 54 115 1296 1777 2387
158 303 675 1129 860 2044 63 180 867 2054 2061
159 679 1243 2058 847 1625 331 475 2065 1200 2188
160 4 151 270 672 1303 180 434 268 796 1277
161 137 434 581 2025 2400 77 621 1863 1740
162 22 462 1133 1805 1391 1776 1237 2364 12 119 561 890 2061
163 290 1162 1448 1953 581 772 2393 2186 187 640 1919 1283 2405
164 110 167 428 581 1349 1912 2165 1053 1726 1904 1500 663 1054
165 125 408 780 2011 2632 177 796 1413 1920 1835
166 50 294 1803 1347 2214 128 225 450 1254 1810
167 162 440 1807 993 29 141 400 218 1150 1585
168 76 210 478 833 1457 84 149 180 527 1968
169 142 675 209 1940 2613 196 1159 2623 2366 2646
170 201 766 1155 1648 1091 322 184 2641 961 1486
171 209 97 365 580 1444 1754 2095 1139 172 84 1502 2194 2457
172 660 273 478 1985 1007 93 257 1806 2485
173 440 1151 198 1708 1159 1915 123 562 35 78 1678 1411
174 55 146 870 672 2028 61 164 588 862 1956
175 195 266 476 1313 1390 2409 1404 1773 2426 257 698
176 403 146 70 586 1345 1811 2520 1864 99 1214 1414 1796 2052
177 76 261 1412 585 2405 372 255 1515 1680 2045
178 191 835 120 195 1688 437 1441 203 91 590 1620 1254 2027
179 41 200 570 1154 1625 178 485 1415 1767 2238
180 138 200 61 175 404 419 2028 1437 1114
181 83 201 474 555 1008 169 1236 1458 111 1279 1722 2026 2150
182 130 556 253 1804 2100 961 844 1809 2052 2498 282 1648 1728 1297 2207
183 678 941 1068 135 1237 1785 2466 1503 439 1726 863 1449 1916
184 294 418 641 1803 1444 123 304 458 659 1214
185 117 221 602 104 268 859 518 1723 2525 1249
186 191 215 301 422 1349 161 374 430 1852 2363
187 134 210 583 796 1250 324 1694 1846
188 402 864 2064 239 1015 1550 1728 2016 194 2363 2571 865 2014
189 132 390 1445 1757 936 524 1662 930 1775 1903
190 197 504 2201 1785 362 172 526 1254 1412
191 339 564 1723 1568 911 283 1252 1959 112 164 993 1774 2420
192 388 113 761 1419 1809 1228 1845 1968 2485 2013
193 341 589 422 1029 2550 54 221 1240 1985 2423
194 222 129 177 1918 2044 505 1791 2106 834
195 86 643 1714 1807 1270 2222 3 1312 93 467 527 1153 2060
196 368 220 275 2029 611 390 2211 1179 303 2569
197 117 632 455 1087 1724 223 359 1254 1460 1774
198 152 210 430 800 1458 1873 2364 2558 37 185 2228 1012 1303
199 328 405 980 1773 1132 172 1159 1880 2024 1314
200 64 510 1195 1723 1444 2002 2171 1082 125 304 673 420 1809
201 126 370 229 672 1440 173 378 202 570 1896
202 110 255 364 546 679 1153 1587 1755 162 204 845 894 1200
203 159 268 446 1205 1010 18 42 796 228 1492
204 66 179 491 538 742 1027 2172 2458 240 527 1156 1199 1309
205 118 362 141 1706 606 129 197 558 2362
206 64 410 188 720 456 1362 1476 1819 249 370 507 1725 2021
207 42 675 1758 1976 2565 1448 1916 1863 2180 2225
208 117 161 375 1306 2184 950 171 1614 2026 1473 27 90 566 1320 514
209 57 680 143 2204 1022 876 2405 26 245 1345 1706 1886 1962
210 88 151 246 282 670 720 807 1256 1397 2047 218 405 1871 1523 1966
211 100 220 363 769 1412 1857 1208 1351 100 1439 1953 1734 2283
212 33 148 272 705 1181 159 1259 1954 1873 1857
213 804 1396 1906 2188 127 621 179 1407 1184 2466
214 472 163 211 1185 1254 71 111 2047 1179 243
215 178 460 1291 2017 1172 100 865 283 1748 2101
216 105 177 406 792 1444 58 327 1209 1338 1712
217 72 197 391 518 1621 51 924 2401 1476
218 431 1208 1666 236 1418 288 386 1473 1957 1842
219 290 185 774 1620 1955 280 1218 1726 1646
220 137 475 187 2343 2014 180 269 1015 1259 1949
221 263 888 1182 1545 2393 241 1977 1346 2088 289
222 164 456 1256 1482 1913 875 234 617 35 417 672 1307 1202
223 93 172 300 846 124 79 1485 1584 1257
224 403 116 289 540 1845 1718 2670 1944 199 1459 764 1320 2014
225 172 505 401 808 1610 1260 1804 2524 21 395 1176 1622 2434
226 143 520 1027 1349 1764 2422 1012 1858 239 376 1886 1141 1438
227 132 410 254 672 1783 190 485 2047 1272 2182
228 227 660 1802 1394 2116 582 2062 1895 1613
229 207 360 1421 859 1971 1775 1827 1949 848 566
230 60 127 140 279 454 517 585 662 775 961 95 365 2064 1801 2008
231 81 207 493 1288 1768 154 297 1871 940 1921
232 348 265 577 1910 2042 289 1801 1927 2064
233 110 196 365 621 775 220 246 1825 2118 2485
234 77 400 1591 2392 2122 173 1407 857 684
235 185 172 405 1503 2405 126 367 646 1142 2201
236 40 117 406 575 897 418 290 125 280 2275
237 479 2206 1052 582 1900 394 1499 2085 1919
238 175 366 572 847 1162 111 439 850 1272 2180
239 383 1998 1252 692 1449 1702 378 1918 932 1535 1916
240 21 350 431 593 1766 278 524 1697 1452 2029
241 123 561 294 880 1723 1986 1157 1345 2219 2388 176 698 2460 1209 2590
242 191 742 1305 1173 1801 46 2264 597 144 1410 1561 1707 1884
243 50 263 1141 1724 1000 194 1236 2364 2206
244 140 563 896 1723 184 1252 361 2388 239 396 500 1710 2230
