0 1646
1 559
2 373
3 135
4 231
5 730
6 358
7 54
8 89
9 714
10 813
11 130
12 73
13 127
14 113
15 535
16 666
17 121
18 320
19 125
20 1107
21 310
22 100
23 501
24 781
25 83
26 54
27 145
28 315
29 60
30 120
31 1204
32 1393
33 57
34 754
35 22
36 1085
37 23
38 195
39 184
40 130
41 249
42 421
43 138
44 884
45 309
46 21
47 1443
48 337
49 32
50 38
51 77
52 394
53 288
54 50
55 435
56 88
57 65
58 114
59 83
60 50
61 252
62 746
63 77
64 77
65 188
66 89
67 12
68 135
69 29
70 43
71 89
72 41
73 131
74 66
75 26
76 13
77 162
78 196
79 66
80 151
81 185
82 67
83 66
84 139
85 522
86 13
87 35
88 37
89 104
90 215
91 47
92 29
93 559
94 316
95 10
96 206
97 1961
98 1002
99 456
100 47
101 9
102 31
103 67
104 50
105 10
106 31
107 156
108 87
109 10
110 249
111 78
112 9
113 11
114 15
115 69
116 107
117 12
118 115
119 559
120 349
121 298
122 17
123 142
124 18
125 40
126 986
127 442
128 58
129 614
130 131
131 71
132 54
133 146
134 203
135 85
136 449
137 600
138 406
139 431
140 303
141 657
142 47
143 285
144 92
145 255
146 84
147 363
148 444
149 66
150 172
151 161
152 111
153 17
154 38
155 360
156 69
157 35
158 23
159 22
160 454
161 179
162 87
163 156
164 12
165 82
166 69
167 179
168 176
169 129
170 446
171 12
172 474
173 97
174 8
175 26
176 23
177 154
178 156
179 68
180 66
181 172
182 521
183 38
184 34
185 27
186 12
187 99
188 24
189 132
190 286
191 46
192 154
193 18
194 27
195 261
196 1091
197 313
198 206
199 105
200 9
201 82
202 278
203 516
204 281
205 181
206 120
207 735
208 268
209 216
210 26
211 127
212 39
213 25
214 70
215 10
216 4
217 11
218 566
219 371
220 108
221 203
222 24
223 15
224 296
225 588
226 33
227 55
228 178
229 92
230 110
231 79
232 2353
233 227
234 136
235 22
236 609
237 566
238 111
239 44
240 43
241 67
242 44
243 310
244 200
245 17
246 66
247 185
248 137
249 34
250 39
251 173
252 190
253 172
254 16
255 20
256 574
257 131
258 143
259 39
260 568
261 723
262 35
263 24
264 1718
265 23
266 16
267 111
268 578
269 32
270 73
271 333
272 29
273 103
274 272
275 195
276 154
277 41
278 95
279 44
280 245
281 117
282 913
283 539
284 1760
285 219
286 28
287 47
288 162
289 29
290 40
291 46
292 285
293 114
294 767
295 121
296 18
297 127
298 337
299 78
300 33
301 14
302 560
303 171
304 547
305 64
306 23
307 419
308 31
309 620
310 381
311 92
312 36
313 370
314 841
315 409
316 200
317 98
318 591
319 56
320 217
321 1743
322 999
323 121
324 14
325 101
326 224
327 183
328 51
329 916
330 51
331 198
332 954
333 621
334 54
335 322
336 171
337 349
338 215
339 145
340 14
341 293
342 1310
343 109
344 355
345 1133
346 170
347 227
348 214
349 34
350 5
351 26
352 82
353 83
354 16
355 50
356 33
357 19
358 84
359 16
360 10
361 164
362 160
363 53
364 41
365 368
366 10
367 228
368 195
369 75
370 136
371 69
372 165
373 23
374 121
375 266
376 75
377 46
378 181
379 65
380 81
381 216
382 136
383 213
384 155
385 17
386 292
387 304
388 41
389 560
390 429
391 111
392 49
393 117
394 772
395 516
396 516
397 27
398 67
399 79
400 196
401 27
402 185
403 57
404 191
405 84
406 28
407 50
408 651
409 230
410 75
411 1590
412 67
413 120
414 35
415 70
416 21
417 42
418 164
419 82
420 470
421 50
422 283
423 58
424 29
425 477
426 33
427 127
428 782
429 247
430 26
431 164
432 20
433 108
434 2133
435 225
436 145
437 54
438 26
439 400
440 52
441 55
442 31
443 87
444 148
445 173
446 271
447 244
448 336
449 33
450 31
451 543
452 35
453 43
454 665
455 74
456 123
457 11
458 147
459 54
460 91
461 242
462 441
463 491
464 36
465 123
466 130
467 54
468 278
469 364
470 204
471 314
472 119
473 167
474 289
475 95
476 65
477 89
478 361
479 18
480 1807
481 60
482 572
483 274
484 313
485 166
486 227
487 232
488 48
489 167
490 254
491 778
492 135
493 1458
494 169
495 557
496 101
497 268
498 102
499 111
500 129
501 143
502 789
503 429
504 457
505 19
506 516
507 97
508 102
509 9
510 389
511 15
512 32
513 54
514 8
515 12
516 28
517 75
518 18
519 28
520 20
521 138
522 89
523 39
524 49
525 113
526 25
527 327
528 546
529 902
530 1091
531 2128
532 1151
533 1126
534 2069
535 602
536 867
537 401
538 828
539 205
540 22
541 39
542 41
543 175
544 78
545 2003
546 58
547 491
548 176
549 66
550 57
551 57
552 223
553 16
554 28
555 35
556 13
557 93
558 380
559 61
560 10
561 14
562 58
563 117
564 14
565 56
566 62
567 18
568 365
569 1188
570 14
571 62
572 480
573 34
574 18
575 413
576 98
577 220
578 27
579 39
580 41
581 20
582 44
583 359
584 469
585 311
586 232
587 55
588 12
589 24
590 173
591 99
592 80
593 113
594 112
595 70
596 110
597 21
598 9
599 32
600 29
601 228
602 528
603 114
604 44
605 47
606 120
607 38
608 22
609 22
610 192
611 337
612 23
613 339
614 72
615 166
616 33
617 1091
618 85
619 877
620 241
621 255
622 141
623 87
624 531
625 22
626 47
627 332
628 1087
629 11
630 30
631 12
632 44
633 24
634 96
635 239
636 60
637 131
638 82
639 21
640 11
641 14
642 606
643 41
644 1367
645 87
646 117
647 303
648 309
649 611
650 360
651 735
652 6
653 162
654 263
655 503
656 92
657 345
658 44
659 180
660 264
661 47
662 12
663 36
664 90
665 96
666 38
667 158
668 22
669 41
670 114
671 231
672 18
673 444
674 64
675 84
676 170
677 176
678 412
679 111
680 37
681 21
682 118
683 31
684 130
685 414
686 28
687 105
688 481
689 1760
690 9
691 210
692 24
693 9
694 10
695 465
696 18
697 34
698 35
699 34
700 15
701 20
702 185
703 258
704 65
705 41
706 35
707 86
708 35
709 159
710 116
711 50
712 41
713 77
714 468
715 585
716 283
717 131
718 560
719 717
720 842
721 306
722 152
723 77
724 1043
725 334
726 671
727 239
728 1332
729 819
730 521
731 280
732 354
733 63
734 141
735 1364
736 939
737 232
738 382
739 870
740 1373
741 12
742 328
743 66
744 304
745 76
746 366
747 163
748 146
749 351
750 238
751 58
752 106
753 39
754 148
755 6
756 300
757 81
758 234
759 132
760 78
761 197
762 127
763 154
764 97
765 178
766 234
767 325
768 216
769 574
770 304
771 324
772 35
773 30
774 11
775 43
776 19
777 17
778 11
779 39
780 46
781 204
782 19
783 593
784 848
785 28
786 215
787 63
788 13
789 47
790 81
791 67
792 27
793 195
794 31
795 54
796 41
797 136
798 15
799 369
800 201
801 23
802 78
803 216
804 18
805 102
806 79
807 107
808 62
809 179
810 73
811 239
812 184
813 107
814 246
815 213
816 110
817 181
818 126
819 214
820 99
821 454
822 314
823 198
824 451
825 178
826 97
827 232
828 267
829 814
830 453
831 255
832 255
833 405
834 235
835 127
836 688
837 1336
838 492
839 8
840 386
841 434
842 85
843 27
844 71
845 345
846 363
847 120
848 85
849 31
850 70
851 11
852 42
853 218
854 9
855 378
856 625
857 309
858 24
859 164
860 141
861 16
862 29
863 79
864 1047
865 20
866 588
867 291
868 1074
869 738
870 344
871 135
872 122
873 533
874 112
875 311
876 13
877 542
878 1000
879 911
880 284
881 591
882 545
883 994
884 457
885 278
886 1830
887 148
888 320
889 817
890 311
891 377
892 37
893 76
894 26
895 39
896 23
897 16
898 9
899 28
900 344
901 10
902 28
903 322
904 296
905 248
906 1369
907 125
908 712
909 178
910 172
911 180
912 322
913 1312
914 13
915 215
916 683
917 129
918 27
919 25
920 11
921 13
922 78
923 79
924 16
925 80
926 12
927 27
928 12
929 321
930 487
931 155
932 286
933 105
934 124
935 196
936 692
937 39
938 8
939 785
940 71
941 358
942 445
943 113
944 518
945 213
946 107
947 163
948 85
949 1391
950 165
951 2371
952 1830
953 1996
954 744
955 1477
956 663
957 59
958 499
959 653
960 195
961 998
962 737
963 966
964 134
965 2332
966 191
967 370
968 1319
969 1621
970 736
971 65
972 299
973 202
974 1023
975 1086
976 1327
977 975
978 361
979 335
980 1115
981 181
982 191
983 555
984 1071
985 602
986 41
987 798
988 856
989 560
990 74
991 228
992 275
993 1681
994 56
995 861
996 260
997 567
998 284
999 695
1000 987
1001 402
1002 591
1003 745
1004 180
1005 956
1006 455
1007 371
1008 41
1009 482
1010 378
1011 879
1012 1439
1013 244
1014 445
1015 551
1016 565
1017 208
1018 1832
1019 812
1020 604
1021 257
1022 529
1023 2058
1024 486
1025 515
1026 114
1027 352
1028 587
1029 749
1030 293
1031 959
1032 167
1033 214
1034 178
1035 744
1036 316
1037 418
1038 669
1039 228
1040 562
1041 892
1042 145
1043 182
1044 1342
1045 477
1046 538
1047 860
1048 200
1049 453
1050 350
1051 322
1052 576
1053 265
1054 303
1055 589
1056 251
1057 1130
1058 103
1059 107
1060 1241
1061 35
1062 25
1063 10
1064 34
1065 755
1066 440
1067 28
1068 34
1069 20
1070 16
1071 43
1072 277
1073 21
1074 26
1075 96
1076 46
1077 74
1078 613
1079 264
1080 18
1081 40
1082 43
1083 536
1084 161
1085 38
1086 202
1087 560
1088 286
1089 445
1090 145
1091 353
1092 192
1093 11
1094 316
1095 27
1096 83
1097 149
1098 205
1099 64
1100 1062
1101 430
1102 933
1103 176
1104 123
1105 87
1106 87
1107 45
1108 85
1109 276
1110 869
1111 625
1112 813
1113 475
1114 1143
1115 757
1116 906
1117 834
1118 450
1119 283
1120 658
1121 244
1122 101
1123 8
1124 378
1125 1337
1126 284
1127 184
1128 98
1129 862
1130 173
1131 1072
1132 1139
1133 237
1134 875
1135 57
1136 53
1137 80
1138 127
1139 63
1140 377
1141 19
1142 714
1143 761
1144 317
1145 71
1146 312
1147 15
1148 39
1149 132
1150 29
1151 220
1152 36
1153 113
1154 19
1155 224
1156 12
1157 135
1158 19
1159 35
1160 41
1161 238
1162 192
1163 86
1164 14
1165 257
1166 39
1167 62
1168 367
1169 53
1170 123
1171 157
1172 38
1173 362
1174 13
1175 116
1176 64
1177 18
1178 54
1179 210
1180 19
1181 309
1182 71
1183 177
1184 24
1185 115
1186 104
1187 575
1188 112
1189 40
1190 34
1191 119
1192 69
1193 391
1194 24
1195 452
1196 219
1197 54
1198 108
1199 94
1200 524
1201 120
1202 228
1203 29
1204 23
1205 11
1206 17
1207 37
1208 17
1209 39
1210 97
1211 333
1212 900
1213 15
1214 7
1215 114
1216 12
1217 32
1218 29
1219 16
1220 21
1221 606
1222 143
1223 39
1224 977
1225 295
1226 13
1227 44
1228 35
1229 65
1230 1105
1231 25
1232 9
1233 16
1234 75
1235 282
1236 9
1237 188
1238 200
1239 986
1240 58
1241 39
1242 29
1243 14
1244 62
1245 29
1246 743
1247 106
1248 295
1249 479
1250 34
1251 27
1252 12
1253 372
1254 653
1255 19
1256 35
1257 23
1258 1134
1259 11
1260 8
1261 2047
1262 44
1263 47
1264 23
1265 1101
1266 25
1267 445
1268 457
1269 228
1270 397
1271 404
1272 365
1273 93
1274 137
1275 241
1276 52
1277 29
1278 663
1279 88
1280 58
1281 67
1282 64
1283 36
1284 266
1285 48
1286 71
1287 90
1288 848
1289 51
1290 1321
1291 181
1292 43
1293 27
1294 344
1295 178
1296 319
1297 1868
1298 294
1299 317
1300 69
1301 102
1302 40
1303 697
1304 64
1305 184
1306 82
1307 41
1308 16
1309 212
1310 397
1311 754
1312 70
1313 953
1314 59
1315 211
1316 391
1317 647
1318 67
1319 74
1320 155
1321 153
1322 41
1323 16
1324 858
1325 69
1326 53
1327 10
1328 16
1329 90
1330 149
1331 63
1332 14
1333 593
1334 164
1335 14
1336 89
1337 31
1338 32
1339 66
1340 20
1341 254
1342 908
1343 826
1344 5
1345 945
1346 28
1347 370
1348 21
1349 375
1350 110
1351 814
1352 179
1353 43
1354 87
1355 260
1356 239
1357 204
1358 619
1359 16
1360 265
1361 379
1362 24
1363 21
1364 120
1365 225
1366 235
1367 50
1368 1266
1369 123
1370 479
1371 177
1372 11
1373 360
1374 318
1375 1203
1376 685
1377 17
1378 112
1379 178
1380 20
1381 585
1382 142
1383 55
1384 885
1385 68
1386 160
1387 211
1388 38
1389 9
1390 68
1391 45
1392 751
1393 706
1394 9
1395 49
1396 173
1397 154
1398 311
1399 24
1400 40
1401 80
1402 40
1403 146
1404 161
1405 23
1406 258
1407 16
1408 40
1409 180
1410 731
1411 429
1412 171
1413 1148
1414 138
1415 76
1416 37
1417 348
1418 12
1419 127
1420 134
1421 36
1422 171
1423 306
1424 90
1425 507
1426 133
1427 14
1428 29
1429 285
1430 10
1431 33
1432 20
1433 79
1434 9
1435 165
1436 19
1437 80
1438 29
1439 33
1440 87
1441 33
1442 525
1443 213
1444 397
1445 281
1446 94
1447 50
1448 50
1449 125
1450 76
1451 23
1452 252
1453 18
1454 139
1455 11
1456 13
1457 35
1458 82
1459 59
1460 24
1461 147
1462 23
1463 37
1464 157
1465 109
1466 9
1467 43
1468 152
1469 31
1470 40
1471 57
1472 8
1473 216
1474 20
1475 132
1476 704
1477 8
1478 13
1479 22
1480 50
1481 401
1482 522
1483 246
1484 485
1485 42
1486 309
1487 35
1488 324
1489 17
1490 373
1491 258
1492 38
1493 110
1494 12
1495 7
1496 49
1497 22
1498 87
1499 24
1500 373
1501 808
1502 34
1503 408
1504 732
1505 129
1506 294
1507 294
1508 879
1509 537
1510 98
1511 301
1512 486
1513 42
1514 1094
1515 204
1516 33
1517 28
1518 210
1519 17
1520 67
1521 175
1522 24
1523 15
1524 61
1525 80
1526 60
1527 51
1528 96
1529 188
1530 68
1531 90
1532 92
1533 53
1534 303
1535 412
1536 169
1537 615
1538 159
1539 172
1540 271
1541 171
1542 538
1543 688
1544 907
1545 350
1546 407
1547 501
1548 411
1549 509
1550 518
1551 1032
1552 504
1553 198
1554 232
1555 595
1556 161
1557 441
1558 1233
1559 219
1560 208
1561 186
1562 163
1563 171
1564 256
1565 142
1566 157
1567 140
1568 89
1569 81
1570 75
1571 77
1572 395
1573 154
1574 83
1575 110
1576 99
1577 75
1578 37
1579 10
1580 11
1581 196
1582 103
1583 73
1584 632
1585 143
1586 78
1587 682
1588 89
1589 101
1590 1309
1591 808
1592 635
1593 618
1594 298
1595 573
1596 807
1597 55
1598 9
1599 334
1600 297
1601 946
1602 905
1603 486
1604 141
1605 303
1606 86
1607 137
1608 476
1609 486
1610 625
1611 630
1612 205
1613 611
1614 116
1615 178
1616 131
1617 106
1618 2086
1619 60
1620 24
1621 35
1622 164
1623 226
1624 42
1625 70
1626 44
1627 159
1628 110
1629 116
1630 155
1631 124
1632 41
1633 45
1634 423
1635 19
1636 108
1637 32
1638 82
1639 80
1640 157
1641 280
1642 818
1643 39
1644 16
1645 79
1646 630
1647 220
1648 144
1649 57
1650 616
1651 390
1652 84
1653 453
1654 95
1655 111
1656 218
1657 137
1658 240
1659 57
1660 19
1661 69
1662 529
1663 117
1664 538
1665 9
1666 698
1667 841
1668 296
1669 211
1670 72
1671 461
1672 23
1673 476
1674 386
1675 190
1676 206
1677 146
1678 127
1679 212
1680 588
1681 85
1682 409
1683 176
1684 62
1685 173
1686 921
1687 13
1688 164
1689 28
1690 43
1691 761
1692 148
1693 163
1694 666
1695 444
1696 302
1697 248
1698 274
1699 67
1700 201
1701 913
1702 346
1703 220
1704 286
1705 110
1706 177
1707 201
1708 185
1709 167
1710 553
1711 331
1712 397
1713 23
1714 235
1715 21
1716 237
1717 425
1718 397
1719 193
1720 180
1721 383
1722 254
1723 298
1724 579
1725 321
1726 160
1727 291
1728 575
1729 547
1730 289
1731 188
1732 133
1733 80
1734 559
1735 98
1736 57
1737 245
1738 103
1739 220
1740 19
1741 17
1742 177
1743 567
1744 547
1745 143
1746 170
1747 16
1748 94
1749 121
1750 628
1751 65
1752 108
1753 99
1754 157
1755 84
1756 1179
1757 17
1758 153
1759 71
1760 72
1761 35
1762 48
1763 94
1764 78
1765 132
1766 114
1767 16
1768 377
1769 19
1770 209
1771 19
1772 42
1773 8
1774 650
1775 881
1776 106
1777 20
1778 10
1779 15
1780 163
1781 184
1782 70
1783 23
1784 138
1785 161
1786 9
1787 46
1788 15
1789 95
1790 9
1791 10
1792 9
1793 18
1794 280
1795 194
1796 166
1797 32
1798 65
1799 79
1800 178
1801 100
1802 638
1803 406
1804 10
1805 283
1806 725
1807 201
1808 48
1809 144
1810 359
1811 62
1812 20
1813 16
1814 158
1815 41
1816 131
1817 263
1818 133
1819 64
1820 69
1821 162
1822 62
1823 864
1824 171
1825 56
1826 89
1827 510
1828 60
1829 58
1830 633
1831 183
1832 103
1833 10
1834 253
1835 47
1836 36
1837 44
1838 32
1839 219
1840 577
1841 771
1842 91
1843 1165
1844 16
1845 19
1846 516
1847 58
1848 107
1849 285
1850 9
1851 527
1852 279
1853 874
1854 246
1855 23
1856 75
1857 26
1858 109
1859 363
1860 254
1861 356
1862 87
1863 121
1864 181
1865 264
1866 144
1867 933
1868 223
1869 30
1870 909
1871 98
1872 8
1873 83
1874 132
1875 509
1876 73
1877 131
1878 457
1879 299
1880 340
1881 745
1882 100
1883 221
1884 18
1885 270
1886 37
1887 9
1888 172
1889 36
1890 234
1891 71
1892 250
1893 133
1894 18
1895 91
1896 654
1897 761
1898 111
1899 1384
1900 80
1901 168
1902 564
1903 102
1904 134
1905 44
1906 227
1907 98
1908 111
1909 595
1910 248
1911 51
1912 646
1913 110
1914 456
1915 191
1916 153
1917 190
1918 323
1919 259
1920 149
1921 327
1922 192
1923 151
1924 136
1925 123
1926 116
1927 406
1928 117
1929 44
1930 173
1931 11
1932 211
1933 261
1934 593
1935 165
1936 636
1937 450
1938 1000
1939 1893
1940 18
1941 299
1942 171
1943 37
1944 243
1945 329
1946 328
1947 242
1948 526
1949 1066
1950 807
1951 208
1952 348
1953 328
1954 307
1955 221
1956 357
1957 294
1958 10
1959 288
1960 60
1961 83
1962 58
1963 390
1964 395
1965 224
1966 409
1967 677
1968 47
1969 22
1970 634
1971 422
1972 146
1973 114
1974 356
1975 121
1976 487
1977 54
1978 78
1979 105
1980 67
1981 162
1982 37
1983 22
1984 132
1985 106
1986 61
1987 50
1988 215
1989 156
1990 24
1991 349
1992 91
1993 18
1994 140
1995 370
1996 851
1997 220
1998 213
1999 111
2000 199
2001 94
2002 46
2003 41
2004 379
2005 33
2006 12
2007 259
2008 290
2009 408
2010 723
2011 331
2012 77
2013 158
2014 281
2015 101
2016 241
2017 34
2018 454
2019 32
2020 28
2021 27
2022 20
2023 331
2024 70
2025 613
2026 91
2027 109
2028 20
2029 21
2030 78
2031 285
2032 140
2033 97
2034 43
2035 91
2036 465
2037 695
2038 141
2039 217
2040 122
2041 43
2042 15
2043 66
2044 18
2045 257
2046 96
2047 44
2048 36
2049 215
2050 240
2051 79
2052 138
2053 66
2054 70
2055 31
2056 212
2057 122
2058 97
2059 502
2060 505
2061 942
2062 289
2063 247
2064 293
2065 362
2066 16
2067 93
2068 27
2069 28
2070 509
2071 120
2072 442
2073 493
2074 13
2075 10
2076 135
2077 90
2078 133
2079 149
2080 147
2081 31
2082 185
2083 115
2084 132
2085 191
2086 17
2087 131
2088 108
2089 299
2090 28
2091 241
2092 170
2093 87
2094 2047
2095 573
2096 42
2097 163
2098 108
2099 22
2100 23
2101 579
2102 501
2103 56
2104 188
2105 41
2106 21
2107 78
2108 52
2109 35
2110 28
2111 52
2112 116
2113 50
2114 421
2115 1223
2116 346
2117 620
2118 168
2119 51
2120 55
2121 33
2122 123
2123 102
2124 227
2125 35
2126 153
2127 505
2128 798
2129 35
2130 25
2131 51
2132 329
2133 87
2134 58
2135 28
2136 7
2137 1796
2138 118
2139 27
2140 9
2141 135
2142 74
2143 21
2144 12
2145 24
2146 27
2147 124
2148 972
2149 668
2150 411
2151 258
2152 201
2153 83
2154 33
2155 43
2156 321
2157 44
2158 24
2159 67
2160 43
2161 32
2162 112
2163 38
2164 53
2165 971
2166 10
2167 35
2168 104
2169 78
2170 441
2171 40
2172 491
2173 53
2174 22
2175 41
2176 228
2177 91
2178 169
2179 620
2180 327
2181 19
2182 6
2183 220
2184 198
2185 23
2186 36
2187 73
2188 1122
2189 464
2190 342
2191 556
2192 32
2193 303
2194 14
2195 860
2196 174
2197 645
2198 7
2199 70
2200 37
2201 1083
2202 1026
2203 713
2204 310
2205 33
2206 1094
2207 510
2208 30
2209 185
2210 990
2211 25
2212 744
2213 335
2214 60
2215 14
2216 1738
2217 445
2218 298
2219 380
2220 291
2221 69
2222 458
2223 663
2224 499
2225 75
2226 104
2227 24
2228 346
2229 160
2230 132
2231 147
2232 118
2233 41
2234 385
2235 372
2236 182
2237 20
2238 63
2239 368
2240 13
2241 51
2242 20
2243 35
2244 177
2245 759
2246 292
2247 111
2248 69
2249 223
2250 41
2251 134
2252 49
2253 10
2254 23
2255 30
2256 116
2257 30
2258 331
2259 544
2260 1950
2261 876
2262 214
2263 27
2264 19
2265 11
2266 63
2267 742
2268 138
2269 189
2270 10
2271 57
2272 13
2273 11
2274 23
2275 278
2276 60
2277 50
2278 79
2279 9
2280 55
2281 21
2282 56
2283 129
2284 367
2285 134
2286 48
2287 1376
2288 449
2289 203
2290 295
2291 437
2292 189
2293 1174
2294 132
2295 82
2296 22
2297 71
2298 254
2299 272
2300 1078
2301 368
2302 163
2303 75
2304 311
2305 16
2306 37
2307 39
2308 24
2309 223
2310 119
2311 96
2312 47
2313 256
2314 41
2315 212
2316 13
2317 606
2318 237
2319 93
2320 125
2321 7
2322 15
2323 48
2324 133
2325 16
2326 7
2327 331
2328 381
2329 36
2330 19
2331 61
2332 134
2333 28
2334 31
2335 21
2336 110
2337 132
2338 19
2339 8
2340 7
2341 66
2342 319
2343 2654
2344 196
2345 99
2346 285
2347 75
2348 411
2349 25
2350 14
2351 173
2352 249
2353 56
2354 167
2355 558
2356 591
2357 18
2358 52
2359 234
2360 30
2361 165
2362 28
2363 130
2364 55
2365 616
2366 95
2367 218
2368 31
2369 48
2370 25
2371 94
2372 235
2373 808
2374 154
2375 10
2376 33
2377 26
2378 19
2379 17
2380 84
2381 89
2382 126
2383 260
2384 132
2385 79
2386 12
2387 50
2388 197
2389 167
2390 685
2391 400
2392 12
2393 8
2394 681
2395 1596
2396 413
2397 1180
2398 309
2399 76
2400 260
2401 182
2402 12
2403 102
2404 43
2405 348
2406 83
2407 62
2408 169
2409 7
2410 94
2411 120
2412 131
2413 78
2414 23
2415 40
2416 85
2417 228
2418 287
2419 124
2420 562
2421 21
2422 247
2423 713
2424 624
2425 525
2426 291
2427 410
2428 142
2429 273
2430 109
2431 1166
2432 230
2433 8
2434 15
2435 11
2436 48
2437 348
2438 106
2439 789
2440 75
2441 77
2442 248
2443 52
2444 355
2445 56
2446 86
2447 443
2448 37
2449 81
2450 31
2451 8
2452 31
2453 62
2454 978
2455 395
2456 1420
2457 86
2458 348
2459 293
2460 334
2461 27
2462 325
2463 9
2464 280
2465 96
2466 1788
2467 11
2468 284
2469 29
2470 210
2471 525
2472 697
2473 238
2474 42
2475 26
2476 123
2477 6
2478 51
2479 37
2480 115
2481 356
2482 83
2483 203
2484 333
2485 422
2486 30
2487 163
2488 123
2489 11
2490 112
2491 159
2492 174
2493 37
2494 184
2495 702
2496 275
2497 334
2498 141
2499 483
2500 55
2501 661
2502 256
2503 57
2504 56
2505 36
2506 450
2507 93
2508 65
2509 16
2510 57
2511 29
2512 14
2513 126
2514 778
2515 274
2516 112
2517 67
2518 9
2519 446
2520 228
2521 289
2522 106
2523 50
2524 157
2525 274
2526 314
2527 47
2528 495
2529 258
2530 768
2531 27
2532 185
2533 54
2534 79
2535 72
2536 119
2537 115
2538 826
2539 690
2540 308
2541 72
2542 397
2543 301
2544 209
2545 136
2546 114
2547 18
2548 158
2549 77
2550 407
2551 77
2552 168
2553 437
2554 209
2555 490
2556 613
2557 208
2558 59
2559 620
2560 548
2561 15
2562 687
2563 717
2564 52
2565 28
2566 164
2567 51
2568 450
2569 1261
2570 83
2571 7
2572 45
2573 49
2574 104
2575 15
2576 20
2577 29
2578 156
2579 47
2580 41
2581 234
2582 93
2583 30
2584 34
2585 134
2586 158
2587 12
2588 44
2589 11
2590 48
2591 104
2592 29
2593 40
2594 215
2595 246
2596 982
2597 543
2598 49
2599 272
2600 209
2601 273
2602 305
2603 404
2604 32
2605 363
2606 901
2607 16
2608 16
2609 246
2610 50
2611 133
2612 391
2613 199
2614 17
2615 405
2616 695
2617 1361
2618 1056
2619 130
2620 405
2621 173
2622 61
2623 134
2624 101
2625 32
2626 321
2627 343
2628 46
2629 240
2630 123
2631 20
2632 183
2633 301
2634 196
2635 237
2636 57
2637 140
2638 278
2639 396
2640 157
2641 99
2642 218
2643 679
2644 55
2645 193
2646 78
2647 9
2648 74
2649 26
2650 360
2651 24
2652 27
2653 21
2654 65
2655 106
2656 67
2657 57
2658 206
2659 29
2660 25
2661 44
2662 242
2663 264
2664 385
2665 549
2666 160
2667 279
2668 288
2669 220
2670 444
2671 888
2672 336
2673 865
2674 832
2675 491
2676 269
2677 313
2678 391
2679 349
2680 119
2681 550
2682 415
2683 268
2684 127
2685 388
2686 137
2687 368
2688 159
2689 262
2690 139
2691 459
2692 354
2693 70
2694 41
2695 37
2696 10
2697 11
2698 36
2699 343
2700 92
2701 100
2702 44
2703 156
2704 470
2705 131
2706 427
2707 487
2708 49
2709 49
2710 20
2711 220
2712 238
2713 21
2714 57
2715 26
2716 19
2717 226
2718 403
2719 38
2720 21
2721 40
2722 148
2723 132
2724 139
2725 114
2726 254
2727 23
2728 86
2729 30
2730 11
2731 345
2732 9
2733 22
2734 35
2735 55
2736 148
2737 177
2738 30
2739 18
2740 19
2741 162
2742 22
2743 117
2744 11
2745 633
2746 243
2747 84
2748 370
2749 416
2750 484
2751 870
2752 616
2753 793
2754 124
2755 200
2756 222
2757 32
2758 50
2759 70
2760 42
2761 44
2762 13
2763 60
2764 74
2765 226
2766 107
2767 597
2768 142
2769 238
2770 34
2771 26
2772 79
2773 130
2774 37
2775 165
2776 42
2777 594
2778 285
2779 275
2780 65
2781 24
2782 87
2783 17
2784 24
2785 180
2786 114
2787 80
2788 1019
2789 368
2790 144
2791 43
2792 15
2793 40
2794 54
2795 1111
2796 12
2797 151
2798 945
2799 158
2800 59
2801 634
2802 69
2803 171
2804 63
2805 48
2806 209
2807 180
2808 64
2809 62
2810 41
2811 29
2812 442
2813 109
2814 11
2815 400
2816 198
2817 161
2818 371
2819 24
2820 167
2821 111
2822 32
2823 58
2824 873
2825 27
2826 624
2827 269
2828 247
2829 71
2830 35
2831 52
2832 118
2833 48
2834 284
2835 234
2836 9
2837 14
2838 16
2839 165
2840 222
2841 364
2842 217
2843 76
2844 1148
2845 17
2846 12
2847 112
2848 546
2849 226
2850 213
2851 425
2852 127
2853 1091
2854 132
2855 241
2856 8
2857 52
2858 16
2859 551
2860 16
2861 50
2862 9
2863 252
2864 9
2865 46
2866 79
2867 248
2868 708
2869 146
2870 206
2871 72
2872 107
2873 556
2874 296
2875 126
2876 309
2877 293
2878 75
2879 679
2880 52
2881 362
2882 343
2883 51
2884 142
2885 184
2886 44
2887 165
2888 24
2889 147
2890 427
2891 284
2892 633
2893 1018
2894 263
2895 125
2896 23
2897 13
2898 411
2899 500
2900 383
2901 28
2902 146
2903 34
2904 20
2905 689
2906 79
2907 350
2908 175
2909 67
2910 223
2911 205
2912 129
2913 313
2914 770
2915 68
2916 97
2917 721
2918 261
2919 83
2920 22
2921 21
2922 13
2923 99
2924 216
2925 250
2926 25
2927 16
2928 25
2929 8
2930 92
2931 70
2932 20
2933 14
2934 227
2935 50
2936 1506
2937 51
2938 24
2939 10
2940 95
2941 18
2942 22
2943 27
2944 40
2945 64
2946 522
2947 275
2948 145
2949 48
2950 26
2951 148
2952 83
2953 100
2954 35
2955 106
2956 39
2957 141
2958 678
2959 30
2960 14
2961 24
2962 71
2963 446
2964 270
2965 108
2966 337
2967 306
2968 66
2969 39
2970 71
2971 1042
2972 645
2973 14
2974 39
2975 87
2976 82
2977 220
2978 35
2979 281
2980 130
2981 387
2982 12
2983 524
2984 362
2985 12
2986 10
2987 77
2988 14
2989 16
2990 144
2991 241
2992 123
2993 392
2994 41
2995 56
2996 33
2997 128
2998 68
2999 79
3000 49
3001 42
3002 17
3003 25
3004 274
3005 63
3006 18
3007 873
3008 128
3009 24
3010 37
3011 217
3012 158
3013 33
3014 72
3015 50
3016 41
3017 266
3018 176
3019 490
3020 291
3021 428
3022 305
3023 279
3024 112
3025 95
3026 36
3027 43
3028 145
3029 46
3030 43
3031 53
3032 520
3033 583
3034 693
3035 195
3036 415
3037 846
3038 832
3039 575
3040 306
3041 366
3042 191
3043 216
3044 87
3045 152
3046 23
3047 291
3048 66
3049 50
3050 70
3051 54
3052 461
3053 47
3054 39
3055 69
3056 17
3057 216
3058 154
3059 89
3060 78
3061 116
3062 123
3063 185
3064 365
3065 34
3066 54
3067 239
3068 43
3069 384
3070 30
3071 41
3072 53
3073 32
3074 475
3075 193
3076 193
3077 65
3078 338
3079 423
3080 56
3081 116
3082 18
3083 1052
3084 432
3085 965
3086 165
3087 814
3088 21
3089 14
3090 97
3091 31
3092 235
3093 21
3094 539
3095 193
3096 34
3097 143
3098 82
3099 66
3100 152
3101 274
3102 111
3103 136
3104 49
3105 12
3106 20
3107 10
3108 35
3109 23
3110 38
3111 193
3112 128
3113 471
3114 146
3115 51
3116 207
3117 127
3118 36
3119 349
3120 55
3121 1191
3122 96
3123 53
3124 10
3125 24
3126 371
3127 80
3128 152
3129 254
3130 33
3131 27
3132 41
3133 85
3134 35
3135 643
3136 65
3137 278
3138 244
3139 67
3140 173
3141 29
3142 15
3143 205
3144 28
3145 190
3146 51
3147 56
3148 88
3149 159
3150 327
3151 381
3152 23
3153 146
3154 20
3155 49
3156 142
3157 142
3158 307
3159 73
3160 33
3161 35
3162 97
3163 249
3164 20
3165 313
3166 24
3167 110
3168 21
3169 15
3170 35
3171 12
3172 33
3173 153
3174 10
3175 20
3176 28
3177 49
3178 57
3179 67
3180 13
3181 200
3182 18
3183 527
3184 115
3185 128
3186 9
3187 565
3188 365
3189 40
3190 239
3191 80
3192 225
3193 20
3194 151
3195 12
3196 112
3197 12
3198 180
3199 14
3200 32
3201 24
3202 31
3203 109
3204 7
3205 443
3206 21
3207 76
3208 148
3209 802
3210 40
3211 26
3212 91
3213 17
3214 42
3215 23
3216 69
3217 58
3218 152
3219 511
3220 34
3221 29
3222 54
3223 102
3224 353
3225 236
3226 132
3227 70
3228 46
3229 39
3230 35
3231 81
3232 19
3233 101
3234 146
3235 280
3236 159
3237 121
3238 182
3239 20
3240 191
3241 10
3242 21
3243 16
3244 84
3245 103
3246 24
3247 17
3248 14
3249 19
3250 22
3251 73
3252 33
3253 82
3254 42
3255 693
3256 240
3257 37
3258 30
3259 313
