0 15
1 15
2 30
3 9
4 6
5 6
6 29
7 5
8 17
9 5
10 2
11 7
12 12
13 8
14 12
15 69
16 29
17 8
18 319
19 6
20 14
21 113
22 5
23 18
24 19
25 17
26 75
27 84
28 22
29 4
30 51
31 16
32 4
33 15
34 7
35 38
36 4
37 46
38 13
39 5
40 5
41 4
42 3
43 3
44 4
45 3
46 62
47 29
48 7
49 18
50 23
51 13
52 47
53 46
54 38
55 48
56 25
57 23
58 2
59 33
60 16
61 15
62 13
63 187
64 86
65 146
66 54
67 196
68 133
69 25
70 154
71 10
72 197
73 10
74 9
75 7
76 4
77 22
78 6
79 17
80 4
81 45
82 6
83 7
84 6
85 7
86 12
87 20
88 12
89 12
90 101
91 13
92 10
93 40
94 12
95 6
96 2
97 4
98 5
99 7
100 117
101 18
102 3
103 5
104 6
105 5
106 20
107 6
108 7
109 6
110 5
111 184
112 67
113 4
114 29
115 7
116 22
117 9
118 19
119 7
120 5
121 4
122 7
123 4
124 8
125 3
126 4
127 8
128 20
129 11
130 12
131 30
132 5
133 7
134 6
135 13
136 39
137 4
138 7
139 9
140 4
141 13
142 138
143 18
144 8
145 17
146 14
147 17
148 8
149 4
150 25
151 21
152 5
153 23
154 44
155 5
156 7
157 23
158 34
159 14
160 14
161 27
162 5
163 11
164 14
165 2
166 6
167 8
168 29
169 7
170 12
171 43
172 12
173 4
174 10
175 9
176 18
177 6
178 12
179 8
180 100
181 33
182 35
183 13
184 4
185 4
186 26
187 99
188 6
189 6
190 11
191 13
192 8
193 5
194 6
195 24
196 9
197 3
198 7
199 5
200 5
201 11
202 7
203 5
204 6
205 7
206 5
207 24
208 9
209 4
210 5
211 5
212 56
213 31
214 8
215 3
216 6
217 3
218 4
219 7
220 32
221 8
222 7
223 13
224 8
225 12
226 4
227 17
228 4
229 26
230 18
231 8
232 18
233 3
234 4
235 27
236 5
237 8
238 47
239 16
240 4
241 17
242 86
243 99
244 8
245 6
246 13
247 75
248 9
249 44
250 5
251 16
252 6
253 9
254 6
255 16
256 4
257 7
258 6
259 17
260 15
261 7
262 7
263 18
264 9
265 7
266 5
267 21
268 9
269 12
270 6
271 5
272 12
273 35
274 4
275 5
276 25
277 19
278 6
279 7
280 7
281 16
282 3
283 17
284 11
285 6
286 7
287 10
288 15
289 6
290 11
291 13
292 14
293 177
294 3
295 5
296 7
297 3
298 4
299 10
300 5
301 15
302 4
303 5
304 15
305 7
306 31
307 11
308 9
309 11
310 15
311 5
312 8
313 5
314 5
315 11
316 13
317 27
318 4
319 7
320 5
321 5
322 7
323 7
324 4
325 4
326 6
327 14
328 8
329 7
330 14
331 6
332 3
333 12
334 6
335 8
336 8
337 7
338 11
339 9
340 10
341 10
342 44
343 22
344 6
345 5
346 4
347 5
348 3
349 4
350 4
351 5
352 10
353 3
354 19
355 9
356 6
357 27
358 4
359 7
360 37
361 10
362 12
363 108
364 5
365 7
366 11
367 16
368 5
369 8
370 6
371 9
372 5
373 25
374 61
375 23
376 7
377 15
378 239
379 25
380 5
381 34
382 19
383 5
384 4
385 4
386 6
387 5
388 3
389 129
390 8
391 12
392 4
393 5
394 4
395 6
396 4
397 13
398 5
399 15
400 34
401 16
402 12
403 20
404 20
405 12
406 2
407 8
408 5
409 4
410 9
411 6
412 9
413 22
414 8
415 6
416 4
417 6
418 47
419 7
420 11
421 13
422 5
423 23
424 2
425 11
426 210
427 12
428 5
429 6
430 273
431 7
432 5
433 6
434 44
435 6
436 24
437 16
438 6
439 32
440 3
441 18
442 32
443 6
444 44
445 4
446 4
447 4
448 5
449 9
450 1
451 5
452 13
453 10
454 8
455 3
456 12
457 7
458 164
459 26
460 17
461 6
462 6
463 14
464 20
465 3
466 12
467 4
468 9
469 57
470 4
471 21
472 10
473 13
474 14
475 4
476 7
477 42
478 8
479 59
480 10
481 13
482 5
483 16
484 5
485 10
486 4
487 3
488 172
489 5
490 13
491 3
492 17
493 201
494 9
495 6
496 17
497 22
498 4
499 18
500 4
501 21
502 3
503 51
504 24
505 52
506 63
507 63
508 11
509 4
510 12
511 3
512 3
513 16
514 11
515 5
516 12
517 16
518 4
519 27
520 5
521 12
522 3
523 4
524 21
525 6
526 14
527 11
528 5
529 10
530 5
531 8
532 8
533 80
534 4
535 28
536 46
537 24
538 24
539 8
540 14
541 15
542 33
543 7
544 60
545 10
546 6
547 32
548 12
549 6
550 45
551 5
552 7
553 9
554 4
555 5
556 13
557 5
558 5
559 4
560 3
561 16
562 9
563 6
564 6
565 5
566 8
567 11
568 12
569 6
570 52
571 29
572 4
573 7
574 12
575 6
576 5
577 2
578 35
579 5
580 10
581 9
582 13
583 14
584 10
585 3
586 5
587 19
588 9
589 47
590 10
591 49
592 17
593 11
594 3
595 51
596 12
597 30
598 29
599 5
600 9
601 8
602 17
603 5
604 3
605 4
606 4
607 5
608 154
609 13
610 6
611 4
612 27
613 3
614 7
615 3
616 3
617 5
618 15
619 26
620 7
621 52
622 2
623 115
624 8
625 4
626 4
627 8
628 4
629 8
630 5
631 14
632 11
633 10
634 51
635 5
636 35
637 4
638 5
639 3
640 7
641 12
642 7
643 19
644 5
645 20
646 5
647 20
648 140
649 5
650 8
651 3
652 4
653 54
654 12
655 54
656 8
657 6
658 23
659 19
660 13
661 21
662 13
663 18
664 8
665 6
666 61
667 10
668 14
669 6
670 27
671 4
672 8
673 2
674 8
675 7
676 8
677 9
678 7
679 4
680 11
681 5
682 8
683 6
684 4
685 13
686 19
687 12
688 15
689 16
690 3
691 3
692 8
693 5
694 4
695 8
696 4
697 6
698 9
699 10
700 15
701 18
702 1
703 11
704 7
705 10
706 41
707 7
708 11
709 6
710 6
711 6
712 7
713 8
714 7
715 6
716 24
717 3
718 5
719 21
720 15
721 39
722 9
723 16
724 7
725 50
726 8
727 4
728 4
729 5
730 5
731 17
732 4
733 5
734 8
735 24
736 7
737 7
738 4
739 14
740 2
741 30
742 4
743 6
744 7
745 5
746 7
747 5
748 6
749 8
750 7
751 35
752 17
753 6
754 8
755 11
756 14
757 9
758 6
759 13
760 6
761 6
762 5
763 6
764 4
765 61
766 8
767 6
768 5
769 32
770 17
771 11
772 6
773 17
774 6
775 4
776 7
777 11
778 5
779 6
780 8
781 51
782 11
783 18
784 9
785 13
786 10
787 5
788 13
789 4
790 5
791 5
792 3
793 6
794 4
795 11
796 33
797 18
798 6
799 4
800 4
801 9
802 5
803 5
804 28
805 5
806 10
807 10
808 42
809 64
810 51
811 58
812 67
813 72
814 37
815 14
816 5
817 11
818 7
819 5
820 7
821 16
822 8
823 3
824 12
825 7
826 6
827 7
828 12
829 4
830 4
831 5
832 4
833 7
834 16
835 14
836 39
837 8
838 16
839 4
840 10
841 4
842 37
843 6
844 3
845 6
846 4
847 4
848 6
849 197
850 11
851 6
852 6
853 5
854 9
855 3
856 2
857 40
858 10
859 8
860 7
861 6
862 14
863 4
864 11
865 3
866 5
867 4
868 3
869 52
870 5
871 18
872 5
873 12
874 10
875 5
876 4
877 18
878 9
879 75
880 30
881 4
882 102
883 8
884 4
885 22
886 34
887 16
888 5
889 7
890 8
891 14
892 5
893 11
894 6
895 13
896 6
897 2
898 7
899 13
900 9
901 8
902 10
903 14
904 4
905 6
906 53
907 10
908 4
909 11
910 36
911 11
912 10
913 113
914 6
915 41
916 4
917 14
918 10
919 237
920 35
921 56
922 8
923 12
924 11
925 6
926 5
927 7
928 3
929 33
930 8
931 6
932 274
933 35
934 2
935 4
936 5
937 6
938 5
939 4
940 6
941 16
942 5
943 83
944 5
945 4
946 5
947 17
948 3
949 16
950 12
951 1
952 16
953 8
954 27
955 5
956 16
957 7
958 67
959 16
960 23
961 9
962 19
963 15
964 6
965 6
966 36
967 28
968 12
969 18
970 10
971 7
972 4
973 15
974 5
975 12
976 5
977 5
978 4
979 25
980 6
981 6
982 5
983 31
984 4
985 28
986 5
987 90
988 32
989 9
990 7
991 4
992 6
993 20
994 27
995 37
996 9
997 12
998 5
999 40
1000 17
1001 4
1002 11
1003 3
1004 5
1005 4
1006 2
1007 13
1008 9
1009 25
1010 3
1011 5
1012 5
1013 39
1014 7
1015 9
1016 18
1017 39
1018 4
1019 5
1020 69
1021 5
1022 9
1023 6
1024 20
1025 13
1026 4
1027 19
1028 11
1029 12
1030 28
1031 4
1032 11
1033 12
1034 6
1035 9
1036 5
1037 5
1038 23
1039 27
1040 6
1041 6
1042 23
1043 22
1044 5
1045 12
1046 14
1047 5
1048 14
1049 8
1050 25
1051 12
1052 8
1053 7
1054 13
1055 241
1056 26
1057 3
1058 11
1059 98
1060 2
1061 5
1062 23
1063 11
1064 13
1065 13
1066 13
1067 8
1068 13
1069 4
1070 3
1071 4
1072 8
1073 3
1074 9
1075 3
1076 8
1077 5
1078 9
1079 21
1080 10
1081 3
1082 26
1083 4
1084 8
1085 4
1086 15
1087 8
1088 7
1089 10
1090 9
1091 10
1092 5
1093 11
1094 5
1095 5
1096 14
1097 60
1098 30
1099 3
1100 12
1101 28
1102 4
1103 14
1104 4
1105 9
1106 5
1107 5
1108 3
1109 21
1110 11
1111 7
1112 3
1113 4
1114 56
1115 6
1116 15
1117 5
1118 4
1119 14
1120 6
1121 7
1122 28
1123 34
1124 4
1125 8
1126 7
1127 9
1128 8
1129 11
1130 15
1131 10
1132 4
1133 19
1134 7
1135 9
1136 6
1137 7
1138 6
1139 6
1140 23
1141 54
1142 3
1143 8
1144 4
1145 8
1146 4
1147 2
1148 5
1149 6
1150 17
1151 36
1152 4
1153 6
1154 4
1155 6
1156 23
1157 9
1158 9
1159 119
1160 3
1161 7
1162 10
1163 32
1164 7
1165 39
1166 4
1167 14
1168 11
1169 6
1170 4
1171 3
1172 12
1173 3
1174 20
1175 4
1176 27
1177 7
1178 5
1179 35
1180 3
1181 11
1182 13
1183 16
1184 2
1185 9
1186 5
1187 30
1188 21
1189 27
1190 6
1191 7
1192 5
1193 15
1194 4
1195 21
1196 7
1197 5
1198 4
1199 26
1200 5
1201 86
1202 63
1203 194
1204 5
1205 41
1206 4
1207 6
1208 131
1209 6
1210 5
1211 5
1212 37
1213 6
1214 7
1215 11
1216 32
1217 5
1218 6
1219 6
1220 7
1221 4
1222 5
1223 4
1224 15
1225 3
1226 8
1227 20
1228 33
1229 8
1230 89
1231 21
1232 6
1233 7
1234 5
1235 26
1236 97
1237 25
1238 7
1239 24
1240 22
1241 13
1242 5
1243 9
1244 14
1245 4
1246 6
1247 10
1248 18
1249 5
1250 5
1251 7
1252 5
1253 11
1254 14
1255 8
1256 12
1257 13
1258 15
1259 9
1260 4
1261 3
1262 6
1263 37
1264 278
1265 22
1266 13
1267 6
1268 14
1269 5
1270 4
1271 15
1272 3
1273 23
1274 3
1275 5
1276 9
1277 11
1278 12
1279 218
1280 8
1281 12
1282 8
1283 297
1284 4
1285 8
1286 5
1287 6
1288 13
1289 8
1290 7
1291 5
1292 6
1293 53
1294 15
1295 5
1296 8
1297 180
1298 192
1299 90
1300 5
1301 4
1302 5
1303 3
1304 6
1305 5
1306 11
1307 44
1308 10
1309 10
1310 8
1311 20
1312 20
1313 44
1314 4
1315 7
1316 37
1317 3
1318 12
1319 7
1320 43
1321 11
1322 111
1323 7
1324 9
1325 11
1326 14
1327 8
1328 256
1329 25
1330 11
1331 24
1332 7
1333 13
1334 11
1335 13
1336 8
1337 10
1338 15
1339 5
1340 25
1341 7
1342 4
1343 13
1344 13
1345 3
1346 4
1347 132
1348 3
1349 4
1350 46
1351 6
1352 4
1353 27
1354 26
1355 6
1356 10
1357 3
1358 6
1359 4
1360 31
1361 7
1362 13
1363 40
1364 5
1365 6
1366 36
1367 33
1368 6
1369 31
1370 56
1371 31
1372 5
1373 8
1374 5
1375 15
1376 8
1377 16
1378 13
1379 23
1380 9
1381 6
1382 42
1383 3
1384 37
1385 9
1386 89
1387 149
1388 111
1389 123
1390 9
1391 8
1392 4
1393 18
1394 48
1395 8
1396 26
1397 39
1398 45
1399 8
1400 31
1401 9
1402 5
1403 49
1404 19
1405 14
1406 4
1407 5
1408 5
1409 10
1410 13
1411 9
1412 5
1413 9
1414 34
1415 5
1416 10
1417 15
1418 34
1419 21
1420 51
1421 80
1422 11
1423 13
1424 5
1425 9
1426 3
1427 4
1428 27
1429 14
1430 30
1431 6
1432 8
1433 47
1434 4
1435 2
1436 34
1437 269
1438 3
1439 3
1440 5
1441 6
1442 7
1443 5
1444 79
1445 7
1446 5
1447 3
1448 10
1449 10
1450 2
1451 9
1452 5
1453 8
1454 4
1455 4
1456 4
1457 20
1458 15
1459 6
1460 4
1461 2
1462 8
1463 7
1464 10
1465 5
1466 10
1467 5
1468 9
1469 18
1470 12
1471 7
1472 73
1473 9
1474 6
1475 24
1476 58
1477 9
1478 91
1479 116
1480 6
1481 4
1482 17
1483 19
1484 3
1485 14
1486 5
1487 3
1488 25
1489 16
1490 20
1491 18
1492 5
1493 10
1494 18
1495 76
1496 13
1497 15
1498 15
1499 38
1500 15
1501 5
1502 14
1503 16
1504 5
1505 14
1506 19
1507 14
1508 5
1509 5
1510 9
1511 4
1512 10
1513 4
1514 4
1515 6
1516 6
1517 5
1518 77
1519 45
1520 172
1521 16
1522 5
1523 6
1524 7
1525 25
1526 4
1527 4
1528 2
1529 2
1530 32
1531 8
1532 9
1533 31
1534 7
1535 4
1536 3
1537 7
1538 5
1539 10
1540 5
1541 6
1542 6
1543 19
1544 20
1545 5
1546 7
1547 5
1548 3
1549 9
1550 10
1551 12
1552 46
1553 15
1554 9
1555 15
1556 10
1557 13
1558 4
1559 12
1560 4
1561 4
1562 6
1563 2
1564 21
1565 10
1566 4
1567 5
1568 5
1569 9
1570 19
1571 10
1572 22
1573 8
1574 31
1575 97
1576 5
1577 5
1578 8
1579 12
1580 6
1581 20
1582 7
1583 7
1584 4
1585 5
1586 6
1587 3
1588 9
1589 9
1590 38
1591 14
1592 14
1593 2
1594 20
1595 13
1596 7
1597 193
1598 24
1599 20
1600 3
1601 4
1602 5
1603 7
1604 19
1605 4
1606 9
1607 66
1608 4
1609 2
1610 7
1611 6
1612 4
1613 9
1614 7
1615 17
1616 16
1617 5
1618 3
1619 4
1620 31
1621 4
1622 1
1623 9
1624 6
1625 4
1626 5
1627 5
1628 8
1629 5
1630 16
1631 6
1632 26
1633 20
1634 39
1635 28
1636 11
1637 25
1638 9
1639 8
1640 42
1641 9
1642 4
1643 7
1644 5
1645 12
1646 40
1647 16
1648 29
1649 7
1650 7
1651 3
1652 6
1653 9
1654 5
1655 6
1656 7
1657 5
1658 13
1659 7
1660 12
1661 5
1662 29
1663 13
1664 12
1665 8
1666 42
1667 130
1668 17
1669 5
1670 4
1671 4
1672 10
1673 6
1674 6
1675 4
1676 48
1677 60
1678 6
1679 36
1680 16
1681 3
1682 6
1683 10
1684 9
1685 18
1686 2
1687 9
1688 4
1689 33
1690 5
1691 278
1692 11
1693 7
1694 5
1695 25
1696 83
1697 12
1698 10
1699 8
1700 3
1701 10
1702 6
1703 22
1704 10
1705 15
1706 12
1707 14
1708 6
1709 37
1710 7
1711 227
1712 4
1713 39
1714 25
1715 7
1716 38
1717 24
1718 8
1719 6
1720 2
1721 9
1722 5
1723 14
1724 12
1725 15
1726 17
1727 9
1728 8
1729 4
1730 10
1731 2
1732 5
1733 15
1734 3
1735 18
1736 5
1737 4
1738 11
1739 7
1740 14
1741 98
1742 63
1743 16
1744 19
1745 5
1746 4
1747 6
1748 7
1749 11
1750 6
1751 5
1752 7
1753 6
1754 14
1755 18
1756 7
1757 31
1758 6
1759 7
1760 7
1761 9
1762 10
1763 9
1764 7
1765 5
1766 30
1767 17
1768 6
1769 9
1770 4
1771 7
1772 19
1773 31
1774 27
1775 99
1776 26
1777 80
1778 15
1779 3
1780 3
1781 9
1782 5
1783 8
1784 4
1785 5
1786 4
1787 6
1788 5
1789 5
1790 4
1791 9
1792 11
1793 3
1794 4
1795 5
1796 6
1797 32
1798 5
1799 4
1800 9
1801 47
1802 7
1803 19
1804 9
1805 6
1806 5
1807 5
1808 15
1809 17
1810 7
1811 9
1812 3
1813 4
1814 5
1815 3
1816 11
1817 12
1818 15
1819 14
1820 9
1821 11
1822 22
1823 6
1824 10
1825 4
1826 9
1827 9
1828 3
1829 12
1830 14
1831 10
1832 54
1833 11
1834 7
1835 109
1836 16
1837 1
1838 8
1839 3
1840 13
1841 5
1842 4
1843 13
1844 19
1845 13
1846 4
1847 11
1848 5
1849 7
1850 9
1851 11
1852 15
1853 42
1854 5
1855 38
1856 40
1857 30
1858 9
1859 43
1860 34
1861 6
1862 15
1863 374
1864 6
1865 27
1866 9
1867 26
1868 30
1869 7
1870 10
1871 4
1872 8
1873 11
1874 10
1875 13
1876 28
1877 4
1878 10
1879 8
1880 25
1881 7
1882 5
1883 5
1884 11
1885 8
1886 65
1887 120
1888 104
1889 3
1890 40
1891 19
1892 36
1893 32
1894 3
1895 10
1896 7
1897 4
1898 8
1899 5
1900 89
1901 17
1902 48
1903 47
1904 114
1905 16
1906 28
1907 5
1908 8
1909 65
1910 12
1911 23
1912 7
1913 16
1914 19
1915 4
1916 7
1917 22
1918 50
1919 37
1920 30
1921 87
1922 99
1923 20
1924 30
1925 189
1926 62
1927 62
1928 4
1929 4
1930 9
1931 10
1932 9
1933 41
1934 24
1935 52
1936 13
1937 10
1938 10
1939 25
1940 5
1941 29
1942 29
1943 14
1944 7
1945 4
1946 6
1947 5
1948 5
1949 5
1950 20
1951 23
1952 26
1953 45
1954 12
1955 10
1956 4
1957 10
1958 5
1959 14
1960 9
1961 3
1962 10
1963 5
1964 4
1965 4
1966 14
1967 2
1968 20
1969 6
1970 5
1971 4
1972 20
1973 13
1974 6
1975 10
1976 10
1977 7
1978 7
1979 3
1980 3
1981 22
1982 27
1983 7
1984 13
1985 9
1986 6
1987 15
1988 5
1989 4
1990 4
1991 7
1992 23
1993 23
1994 4
1995 5
1996 4
1997 5
1998 9
1999 24
2000 12
2001 19
2002 11
2003 7
2004 8
2005 13
2006 7
2007 4
2008 90
2009 14
2010 7
2011 9
2012 31
2013 18
2014 4
2015 21
2016 9
2017 5
2018 16
2019 22
2020 13
2021 9
2022 7
2023 8
2024 8
2025 11
2026 13
2027 6
2028 7
2029 4
2030 9
2031 7
2032 8
2033 26
2034 13
2035 4
2036 4
2037 4
2038 4
2039 4
2040 281
2041 4
2042 77
2043 4
2044 6
2045 6
2046 9
2047 53
2048 5
2049 10
2050 66
2051 19
2052 57
2053 161
2054 11
2055 43
2056 7
2057 20
2058 9
2059 8
2060 11
2061 35
2062 6
2063 14
2064 16
2065 13
2066 12
2067 5
2068 4
2069 10
2070 6
2071 5
2072 4
2073 8
2074 8
2075 91
2076 9
2077 17
2078 45
2079 15
2080 21
2081 17
2082 4
2083 6
2084 7
2085 12
2086 63
2087 5
2088 27
2089 8
2090 5
2091 17
2092 10
2093 40
2094 9
2095 61
2096 22
2097 79
2098 12
2099 8
2100 4
2101 10
2102 13
2103 10
2104 6
2105 7
2106 13
2107 29
2108 33
2109 43
2110 3
2111 6
2112 12
2113 40
2114 5
2115 39
2116 45
2117 4
2118 13
2119 5
2120 6
2121 4
2122 9
2123 4
2124 9
2125 4
2126 3
2127 15
2128 2
2129 5
2130 11
2131 5
2132 10
2133 6
2134 3
2135 13
2136 7
2137 7
2138 10
2139 7
2140 28
2141 64
2142 27
2143 17
2144 28
2145 7
2146 25
2147 4
2148 5
2149 5
2150 26
2151 7
2152 5
2153 21
2154 22
2155 4
2156 17
2157 14
2158 6
2159 7
2160 10
2161 5
2162 14
2163 6
2164 99
2165 39
2166 36
2167 31
2168 45
2169 31
2170 32
2171 32
2172 18
2173 8
2174 22
2175 8
2176 5
2177 12
2178 17
2179 12
2180 33
2181 18
2182 18
2183 32
2184 21
2185 20
2186 6
2187 8
2188 8
2189 4
2190 4
2191 6
2192 7
2193 6
2194 5
2195 4
2196 5
2197 5
2198 8
2199 8
2200 6
2201 58
2202 16
2203 54
2204 40
2205 3
2206 4
2207 6
2208 6
2209 5
2210 5
2211 3
2212 5
2213 8
2214 10
2215 3
2216 4
2217 8
2218 5
2219 5
2220 6
2221 4
2222 32
2223 5
2224 11
2225 15
2226 5
2227 12
2228 12
2229 11
2230 11
2231 27
2232 67
2233 96
2234 4
2235 8
2236 25
2237 9
2238 31
2239 7
2240 4
2241 8
2242 6
2243 7
2244 10
2245 4
2246 6
2247 6
2248 6
2249 3
2250 9
2251 5
2252 16
2253 12
2254 8
2255 7
2256 27
2257 5
2258 9
2259 5
2260 3
2261 1
2262 10
2263 6
2264 42
2265 6
2266 18
2267 17
2268 2
2269 158
2270 5
2271 5
2272 5
2273 8
2274 20
2275 14
2276 45
2277 11
2278 5
2279 5
2280 8
2281 11
2282 4
2283 9
2284 5
2285 8
2286 19
2287 51
2288 6
2289 8
2290 7
2291 11
2292 4
2293 8
2294 7
2295 9
2296 5
2297 13
2298 17
2299 6
2300 10
2301 11
2302 68
2303 7
2304 33
2305 10
2306 85
2307 6
2308 14
2309 8
2310 21
2311 23
2312 5
2313 22
2314 26
2315 20
2316 34
2317 8
2318 10
2319 15
2320 23
2321 8
2322 42
2323 8
2324 35
2325 83
2326 12
2327 20
2328 16
2329 8
2330 55
2331 6
2332 6
2333 4
2334 11
2335 5
2336 6
2337 6
2338 6
2339 6
2340 6
2341 11
2342 74
2343 4
2344 3
2345 9
2346 2
2347 3
2348 19
2349 13
2350 32
2351 3
2352 29
2353 10
2354 6
2355 13
2356 3
2357 11
2358 2
2359 4
2360 7
2361 44
2362 27
2363 7
2364 4
2365 10
2366 8
2367 9
2368 9
2369 3
2370 9
2371 10
2372 15
2373 11
2374 4
2375 21
2376 9
2377 7
2378 5
2379 4
2380 60
2381 3
2382 17
2383 13
2384 17
2385 9
2386 10
2387 36
2388 10
2389 9
2390 72
2391 5
2392 7
2393 4
2394 12
2395 7
2396 28
2397 31
2398 9
2399 9
2400 5
2401 9
2402 8
2403 3
2404 103
2405 13
2406 19
2407 12
2408 6
2409 4
2410 26
2411 25
2412 2
2413 11
2414 58
2415 4
2416 9
2417 4
2418 4
2419 5
2420 4
2421 30
2422 58
2423 5
2424 6
2425 7
2426 9
2427 14
2428 9
2429 46
2430 10
2431 4
2432 4
2433 21
2434 30
2435 4
2436 43
2437 38
2438 25
2439 6
2440 2
2441 4
2442 3
2443 8
2444 33
2445 79
2446 72
2447 190
2448 27
2449 28
2450 18
2451 20
2452 5
2453 65
2454 23
2455 30
2456 13
2457 9
2458 35
2459 83
2460 58
2461 221
2462 47
2463 37
2464 50
2465 50
2466 74
2467 10
2468 29
2469 12
2470 4
2471 66
2472 4
2473 11
2474 7
2475 153
2476 13
2477 8
2478 19
2479 4
2480 16
2481 8
2482 136
2483 13
2484 90
2485 171
2486 8
2487 5
2488 13
2489 6
2490 5
2491 7
2492 6
2493 16
2494 5
2495 7
2496 9
2497 11
2498 6
2499 29
2500 6
2501 78
2502 5
2503 9
2504 18
2505 27
2506 4
2507 5
2508 135
2509 23
2510 49
2511 5
2512 16
2513 22
2514 59
2515 34
2516 6
2517 8
2518 20
2519 5
2520 6
2521 4
2522 3
2523 5
2524 34
2525 10
2526 36
2527 7
2528 4
2529 6
2530 26
2531 26
2532 17
2533 14
2534 13
2535 51
2536 43
2537 42
2538 16
2539 25
2540 27
2541 3
2542 7
2543 19
2544 12
2545 17
2546 8
2547 5
2548 9
2549 5
2550 11
2551 5
2552 4
2553 6
2554 13
2555 4
2556 17
2557 6
2558 4
2559 11
2560 10
2561 7
2562 4
2563 58
2564 6
2565 3
2566 46
2567 5
2568 7
2569 8
2570 23
2571 33
2572 5
2573 66
2574 26
2575 35
2576 4
2577 35
2578 5
2579 8
2580 5
2581 21
2582 7
2583 14
2584 10
2585 7
2586 8
2587 6
2588 6
2589 2
2590 6
2591 7
2592 9
2593 9
2594 157
2595 26
2596 11
2597 4
2598 9
2599 13
2600 7
2601 3
2602 30
2603 10
2604 8
2605 8
2606 5
2607 5
2608 14
2609 6
2610 5
2611 7
2612 5
2613 9
2614 3
2615 1
2616 7
2617 15
2618 15
2619 11
2620 41
2621 6
2622 7
2623 7
2624 5
2625 4
2626 5
2627 5
2628 8
2629 2
2630 14
2631 6
2632 785
2633 4
2634 6
2635 13
2636 8
2637 15
2638 64
2639 19
2640 4
2641 13
2642 5
2643 4
2644 8
2645 8
2646 6
2647 17
2648 4
2649 8
2650 5
2651 10
2652 35
2653 63
2654 12
2655 30
2656 9
2657 15
2658 5
2659 4
2660 6
2661 8
2662 6
2663 2
2664 26
2665 4
2666 10
2667 9
2668 4
2669 61
2670 5
2671 3
2672 3
2673 3
2674 4
2675 5
2676 25
2677 6
2678 65
2679 24
