8 222 490 1855 1171 2499 57 1251 846 1199 1721
12 225 471 1806 1933 2601 115 206 637 2191
15 188 469 326 2016 1346 19 205 1977 2107 921
17 403 672 1353 1812 1924 187 267 400 458 1311
23 135 2203 544 2015 1181 223 2044 1152 1324 1476
26 115 404 722 153 1851 118 205 671 962 2061
29 106 341 1551 1859 1995 301 1805 1174 2061 1626
30 67 462 1856 720 1390 1855 1445 297 450 1326 1183 175 2520
33 49 200 575 481 123 187 283 960 1449 1853
37 462 101 340 1717 1236 199 372 439 588 1142
44 370 1449 1836 240 1714 288 363 1748 1202
47 270 555 236 1180 1308 590 1159 1264 1886 2396
63 478 651 1150 2368 290 468 1114 2363 2016
65 123 451 590 1394 2200 115 304 578 1000 2027
69 191 562 240 1072 1972 81 250 1447 1691 2368
79 130 678 214 180 197 375 1177 1824 1933 1411
80 93 506 1406 1873 1252 181 1977 252 2063 871
84 197 865 1232 360 1485 400 975 604 1721 1412
88 198 572 244 400 253 336 602 1888 2144 1439
90 125 142 333 1763 981 1844 127 685 604 2180 2440
93 36 812 258 1775 1010 742 365 2238 1805 1254
100 403 260 1158 1447 1877 462 1383 1862 2205 2430
102 73 161 422 1505 1847 117 164 175 938 1946
106 26 402 1737 599 1480 62 720 788 1847
107 365 553 1442 2191 2642 30 975 1817 1229 336
109 86 141 194 350 1264 175 595 2218 278 796 1116 1804 2257
121 220 1376 42 1852 1997 206 242 550 616 1256
132 172 590 31 1052 1448 1262 1013 2190 158 460 1994 2363
135 462 1411 2056 330 1789 281 216 2258 970 1658
144 180 421 697 1258 1466 862 1977 1013 2434
149 395 1712 812 1612 2640 492 854 2027 2449
151 44 186 441 514 762 852 917 1075 1347 1796 196 438 810 1676 2024
157 141 200 225 399 460 607 872 1195 68 333 1863 1803 1275
167 367 1905 2453 2079 552 246 162 1927 1495 2411
168 55 196 874 1084 2420 368 673 2060 1616 2427
179 125 210 682 459 1818 1906 2449 1313 180 929 775 2526 1847
181 129 255 566 1809 1434 72 244 796 1297 1486
183 146 215 539 1117 1808 171 246 363 1737 1906
199 182 900 1414 1190 276 241 960 1879 1396 2017
203 39 155 280 673 1009 131 708 1047 1387 2044
208 200 429 5 1432 688 2424 1000 1959 242 701 1170 2047 2400
210 217 366 500 912 1277 1494 1900 2052 2399 2646 109 281 608 1141 2456
227 146 369 187 1414 1975 88 382 510 1396 1824
228 270 503 1446 2367 961 194 852 1769 1876 1981
230 70 412 130 588 1168 1320 1413 2566 2149 1793
233 41 225 112 368 207 114 899 2453 1262 2438
239 147 682 930 1169 2047 43 176 631 924
240 52 474 1701 881 1945 211 268 859 1763 1935
245 115 269 632 660 1885 209 804 1362 1713 1959
248 590 1031 877 2008 1518 63 181 742 1664
251 140 292 115 683 1803 194 1658 2016 2208 2400
252 404 1172 1157 291 2027 22 418 100 1842 2022
254 586 237 1054 750 1290 161 187 450 1620 2046
259 250 1357 1711 2062 1448 1292 1817 947 66 384 1259 1922 2188
263 670 188 1201 1497 405 71 194 1469 1286 2209
272 55 136 678 769 1544 1915 2065 2402 180 655 1394 1164 2200
279 166 581 212 289 460 68 336 960 1918 1755
286 11 500 186 2384 2446 57 139 401 1922 1722
287 127 491 2408 3 1680 242 1440 597 835 1889
290 120 542 768 890 213 1206 1322 2202 72 378 1414 1264 1706
292 138 580 269 2026 1551 441 929 2343 2405
293 100 414 1727 590 188 104 1792 1821 2204 1657
296 134 159 225 414 571 1013 1535 2421 83 151 660 1666 2454
297 10 192 294 447 741 1755 2234 2655 169 242 1063 1152 1809
308 86 195 364 720 1190 2047 1354 1828 2133 1005 220 458 1295 1352
315 134 670 1024 1916 2057 1141 718 841 1763 2552
319 105 444 846 171 298 111 198 638 1010 1444
324 348 571 803 264 1355 171 403 1449 1909
333 8 280 433 857 1693 51 161 874 1965 2399
336 294 1208 441 2022 561 1984 1255 1803 742 1263 2012 2520
339 204 750 1392 2155 2621 194 2524 2638 2258
346 421 1104 857 2434 1768 426 2162 1868 1932 1447
350 126 383 705 1772 2014 141 962 384 1450 2562
351 49 672 1895 805 1340 37 180 293 444
354 66 242 578 1794 1058 1966 2434 1182 189 857 1966 1179 2022
367 135 514 389 1756 2398 90 481 1945 1762 225
371 400 879 1227 1735 2669 88 672 1792 1166 2107
373 261 418 606 1543 1986 157 268 1176 2001 1884
381 285 422 978 1498 2154 95 618 1440 1729 1903
387 808 267 950 1738 936 86 243 672 1803 1646
393 65 512 1296 1415 2201 209 645 1723 1805 1228
401 120 368 664 1958 1270 294 558 745 1162 1825
410 268 451 660 2058 1739 474 668 953 1809
414 468 2360 1073 2182 1550 84 190 450 1550 1979
416 189 468 315 1828 660 200 691 822 1454 1296
418 118 393 840 1767 1454 218 447 1346 1610 2231
422 34 463 1205 1769 898 500 543 1239 1710 1853
425 86 1917 348 2000 1277 36 51 110 1724 857
426 30 476 1647 41 1803 291 1809 1823 1943 2558
429 104 189 428 720 875 194 221 292 614 2363
437 371 634 1462 1186 1877 408 950 2269 426 1448 1957 2081 2525
438 33 450 996 1785 1156 179 288 561 1843 2014
439 90 348 602 1768 1914 1329 20 2453 1000 1980 1357 1886 1439 221 602
443 130 313 481 595 707 828 1394 1610 1841 1910 220 647 1726 288 1513
447 188 141 561 674 1801 9 1320 1867 2223
453 365 252 1070 1912 1787 117 1853 1328 2208 2622
457 182 399 1092 1255 2433 164 273 2040 1279 917
465 140 632 1155 1713 356 63 180 345 248 1873
468 53 130 248 586 1715 1195 1300 2151 50 255 1367 1973 2044
471 60 91 179 219 1020 1442 1917 2055 230 1906 1158 2442 2012
472 37 118 265 543 1912 82 369 1279 2406
473 185 439 970 161 2011 290 375 535 1446 1868
478 131 275 657 1941 1010 288 378 526 1444 2287
479 128 412 551 901 1796 93 631 812 1696 1805
485 59 107 361 490 832 1173 1319 1569 1751 2203 61 890 2040 1806
486 541 1158 1805 1863 973 322 100 246 459 1326 1620
491 133 236 444 1816 1011 102 444 1414 2162 1988
497 93 408 550 1296 1759 53 1642 2108 789 1259
501 39 108 154 361 763 932 1446 1717 2195 2505 252 1723 1977 1441 1086
505 1074 1856 30 2184 1527 187 1059 1626 450
530 220 1175 1383 1895 2021 641 1043 1915 1283
534 32 101 219 268 601 129 570 876 1946 2013
538 135 394 149 1826 2156 85 534 1601 1991 1445
544 202 443 600 856 1299 1210 173 944 242 1169 1941 808 1346
549 364 621 1463 1754 2025 187 191 680 864 1413
553 240 673 1516 586 2021 42 267 2042 1728
555 120 199 443 567 750 239 1362 2019 2050 1179
561 360 1946 129 552 185 2068 400 1329 58 248 706 1769
576 140 365 481 1776 1233 142 369 688 1764 2420
577 42 673 248 401 1290 906 1843 1791 30 186 255 1054 1820
584 255 706 1311 2188 2431 205 663 1170 1418 2447
586 98 306 1741 583 1417 80 637 1212 1954 1645
589 445 1021 1350 694 1203 117 857 1805 1253 640
598 63 204 356 1271 1109 1399 1503 1628 1278 1750 239 1445 1977 2127 1056
599 70 1029 140 326 1879 1212 448 1757 343 1792 1888 151 1028
605 81 126 338 697 1000 933 2052 2429 1433
611 131 426 588 739 1754 123 290 484 1062 1596
624 330 575 1982 742 1201 254 2024 2101 1852 1834
625 141 216 439 1729 1236 31 191 1845 2047 2188
626 42 264 551 1170 2202 227 371 1968 1204 245
642 280 394 1178 222 1062 199 209 364 1212 1946
653 105 428 239 661 1995 75 268 1082 1859 1977
654 268 462 583 1114 1987 187 418 1977 1549 1259
655 36 168 576 902 1447 271 769 1411 1817 2453
676 162 451 708 1792 1256 44 1230 1475 1703 1924
681 70 399 256 179 1025 179 568 1944 1054 2188
683 115 567 2185 1342 2014 417 254 1328 2044 1762
691 578 1328 264 2015 947 340 505 1761 1871 2229
693 26 438 1113 1745 1802 1945 2403 2498 239 1237 2077 2224
696 268 401 677 1825 1926 95 337 540 1056 1821
705 136 409 565 690 847 883 1362 1486 1910 2039 254 865 1941 2017 1328
711 69 427 678 810 1496 370 198 1208 1904 1630
712 75 201 586 660 1245 125 372 1485 1645 2173
721 34 158 493 1415 2068 1794 925 1190 180 769 942 2068 1524
724 1144 2203 1364 279 1411 135 258 1172 684 1992
730 29 240 668 484 36 1510 1235 1943 22 1713 2144 399 1956
734 130 684 1722 2015 2596 58 2068 1915 740 2484
737 190 431 1745 1280 2638 187 145 1264 2398
742 195 351 606 720 1174 1441 1882 2635 155 966 1819 378 1549
746 141 670 204 418 890 18 291 432 1268 2435
747 255 348 430 1808 1875 1413 2635 1726 179 546 1824 2014
748 17 58 447 2026 1817 125 186 920 1013 1352
751 220 678 1416 1056 2026 1936 1597 1416 474 1399 1906 1222 1824
763 520 134 690 966 2481 1771 1050 2253 242 283 2047 1970 1156
764 197 505 129 1180 333 722 1812 1497 368 2198 1311 1097 1940
765 186 421 950 1077 1839 1059 1641 1264 1800 2113
776 148 263 100 1878 1413 129 964 1554 1307
787 140 672 811 1020 1262 227 511 890 2018 1362
794 249 682 1142 1802 2566 281 2044 1801 1769 1194
798 37 504 1723 289 944 1721 1964 825 119 543 1973 2067 2253
800 384 521 680 961 1389 197 441 624 2159
807 39 214 546 871 1022 434 1875 2400 2057 1690
809 405 198 1616 2429 100 176 940 1913 2020
810 404 170 1480 1359 431 179 788 1018 1712 1942
811 171 625 570 188 766 923 1549 1992 82 621 1957 1146 328
812 90 544 1892 1252 2635 301 1842 2376 299
829 73 404 296 1346 1800 1510 1909 2201 55 418 1264 1725 2202
838 340 1152 1975 2397 562 115 326 547 1314 1793
848 110 394 1459 182 1508 35 2040 720 1823 1176
856 364 155 1984 271 1224 21 147 1205 1816 2038
865 240 382 685 846 1779 225 472 1413 1849 2429
877 244 195 1615 679 1304 172 119 884 403 2389
879 22 383 1001 2059 1493 134 175 862 604 1873
881 244 460 1021 1957 1170 586 1791 1641 430 1852 1914 1440
889 199 412 585 1030 1464 244 170 1873 403 1420
893 162 398 745 1761 1823 41 1442 1857 2397
896 263 408 1151 1616 1702 187 362 946 2151 1300
903 105 440 793 1820 1293 200 1018 2404 1253 1856
907 134 524 1919 2408 1473 101 144 249 872 1878
911 194 82 1358 2594 2065 158 646 1942 2067 2287
915 190 657 1256 2410 1936 83 166 239 1048 1922
925 242 558 2016 1270 1839 69 857 1307 1948
926 161 372 900 1987 2554 474 555 1476 2627
932 37 801 2059 1757 1313 176 885 2047 1395 1968
944 141 190 1449 1760 1026 191 240 276 460 1252
952 244 112 1815 394 1479 186 975 1367 1626 2119
964 288 459 1344 2018 756 660 796 1059 1114 1970
969 83 137 372 456 1487 91 225 634 1441 1727
977 169 331 510 776 1170 1393 2029 2402 172 120 459 634
978 116 258 675 1874 2221 258 1476 1307 1842 1923
994 330 1526 890 279 1053 253 1804 1984 1346 1715
996 109 364 541 772 1457 260 706 1804 1318 2344
1002 290 441 583 1378 2251 61 132 1242 1358
1020 66 399 1252 481 937 69 324 511 640 1457
1022 382 199 573 1258 2404 83 225 1878 1945 2429
1025 173 590 248 1213 1642 1871 2036 1314 214 380 640 793
1032 101 58 872 1442 2401 37 53 1887 2031 1129
1033 111 405 530 646 1795 276 857 2021 2429 2461
1038 44 115 211 640 1599 456 869 2022 2489
1044 583 1413 1985 2590 1212 117 1059 161 1744 1828
1046 117 242 485 1970 2639 121 200 1113 1728 585
1047 236 387 1053 1621 2416 144 1896 2042 1721
1049 240 582 1152 1497 1815 2002 726 2627 30 168 361 1021 1603
1055 683 1956 1204 1485 1674 426 1070 2393 267 1148 1963 1482 1775
1057 63 139 876 1020 2210 123 280 2241 1988 1726
1071 330 682 1150 1840 1376 1192 2194 1250 1801 1682 539 427
1073 100 764 180 1414 2024 40 173 225 1906 2207
1074 301 1581 1145 1694 2450 172 224 681 940
1075 119 450 676 1056 1985 88 1726 507 1440 1852
1084 100 173 606 449 1212 242 1960 1921 2060 2396
1086 149 400 582 1181 1716 191 468 1888 1476 867
1090 215 472 841 1202 1869 161 434 1386 2405
1094 1142 1303 180 65 2019 1940 877 1300 320 1859 2012 1158 2361
1097 5 182 294 111 1804 1725 2361 1492 176 670 1626 1843 2420
1101 374 562 1183 431 2075 84 676 474 1979
1103 148 365 681 2011 1152 49 366 788 1027 1441
1115 174 299 612 1762 2251 1180 681 863 742 2012 1848 1301 1690
1117 141 190 667 418 1058 54 439 841 1612 2575
1121 400 1069 2376 1722 400 66 426 1384 2118
1126 720 1895 834 1430 2568 59 221 224 1325
1128 204 441 675 800 1200 1621 1855 2296 590 920 1492 2063 1812
1129 132 375 552 1413 263 411 640 1801 1328
1144 27 506 1431 1803 91 51 668 1179 2018 2022
1163 294 171 2184 120 1024 191 266 558 1213 1326
1175 5 150 388 999 1765 1288 2209 1521 55 478 1172 2436 1907
1176 194 510 41 185 1603 1237 2186 210 190 433 280 1444 1721
1181 42 178 615 806 929 100 220 123 152 1864
1183 87 226 1413 1792 1259 84 1059 1919 2047 2485
1186 100 255 493 148 839 460 289 1212 28 862 1904 2244
1193 79 144 338 415 862 1098 1724 1900 92 111 1053 1549
1194 31 116 459 708 1849 1257 923 1643 194 450 869 1072 2380
1199 148 399 184 2222 1979 117 962 1842 1414 1780
1212 578 1157 2429 2003 1618 70 585 1326 2043 1980
1215 191 162 144 2372 1807 117 470 961 1735 1841
1219 403 130 356 769 1584 125 176 462 588 1974
1220 34 455 1885 2363 1009 366 257 322 1810
1223 41 688 1778 1209 2569 134 243 458 682 1899
1224 290 418 54 1300 1854 76 366 621 1022
1231 27 82 225 506 640 761 929 1048 1821 2435 418 1922 1463 1363 400
1235 165 414 681 870 1997 248 1944 1811 2008 2069
1242 185 534 966 1219 2208 1159 2020 2293 2047
1253 102 444 687 1803 1440 239 1804 2217 1872 865
1261 179 387 744 1724 2266 251 846 1711 2524 2272
1268 255 1394 597 2017 2202 540 2390 1888 1463
1272 391 688 1728 1158 324 1275 539 2404 172 1987 1615 2261 2401
1281 148 861 1943 1202 305 271 426 590 742 862
1292 365 831 227 550 1625 90 1268 1806 1617
1295 39 134 217 575 980 1497 1918 2422 176 283 394 940 1263
1302 15 641 1067 458 1888 70 280 623 1682 1943
1315 162 486 373 176 2407 2050 2631 1945 180 944 2405 1943 1758
1321 404 1276 999 1482 1962 194 1363 1801 1910 2070
1322 217 576 997 1100 1896 79 412 930 1746 2429
1323 875 2044 1228 1917 1340 1805 1268 567 1444 1926
1330 259 522 554 576 618 705 804 852 893 1397 187 239 1424 1495 2231
1334 334 1854 1290 448 2363 89 1253 2429 660 2018
1335 116 567 940 1303 1948 145 688 962 204 1171
1361 107 940 251 1750 1918 1305 1983 864 401 530 621 742 1801
1370 194 1283 640 1230 1753 41 114 857 1800
1371 191 414 1055 1711 2282 106 621 940 1240 1863
1379 405 125 570 679 893 129 146 1386 1059 2420
1392 191 439 804 1254 1713 2200 1200 1347 890 1485
1393 367 1482 402 1814 963 419 200 322 766
1397 213 340 1262 1981 573 472 1214 1584 2016 2405
1400 875 1944 350 1414 2632 467 1211 1943 213 606 671 922 1495
1406 361 2156 1292 1847 1008 434 189 1724 1804 2203
1407 68 256 440 478 521 596 769 992 268 196 1083 1981
1411 261 1177 1255 690 1836 1202 1469 1751 206 470 2202 2410
1420 1055 1985 1203 1697 287 442 1209 2016 172 268 636 2109 2189
1421 1257 1717 896 950 2214 52 194 420 606
1426 211 561 1726 1000 1918 209 430 671 1767
1432 110 450 1896 1155 1626 105 324 885 1346 1695
1437 428 672 2015 819 1398 1665 2408 1878 1223 2012 14 766 1500 1875 1269
1456 206 372 1800 1987 1244 24 291 1075 1320 1784
1467 450 687 165 1200 1036 190 1418 660 474
1468 57 188 421 2634 2225 180 194 1320 2015 2404
1471 128 364 1979 2204 1533 288 862 1728 1952 2368
1480 186 433 650 197 1086 81 1346 262 1347 2222
1487 243 418 1711 579 964 162 470 1887 2140
1488 201 768 1405 2541 1868 39 227 1800 2153 1805
1498 330 562 1013 1448 1916 406 1878 2151 1500 2432
1499 133 441 1857 1066 2402 75 187 841 946
1501 1204 549 1723 2401 1027 175 224 263 1416 979
1507 197 344 1153 1726 2048 110 401 1484 1736
1509 128 365 550 1013 1449 24 492 587 1414 1982
1512 190 434 1616 252 1856 123 474 900 1214 2429
1513 417 650 1063 1384 2551 182 930 2012 1723
1520 241 1072 484 2189 1344 970 127 2018 367 552 1918 1268 2424
1526 171 348 592 1172 2239 1500 1783 1892 393 1414 1396 2318 112
1533 838 576 945 326 1200 86 573 1809 1622 1202
1536 132 255 699 1145 1829 4 201 1728 1800 2489
1539 371 1207 1341 1735 2491 1625 444 787 1035 1864 117 249 160 705 1953
1544 170 478 222 1271 1911 147 690 1889 2327 2404
1545 42 188 700 131 1652 568 631 858 1704 1942
1550 24 152 570 1009 1975 2050 2594 2247 141 196 279 1626 1725
1554 68 203 180 884 1005 224 1214 1809
1558 122 185 371 796 1394 1816 2401 2064 374 430 1264 1711 2399
1561 99 444 1728 2060 1880 181 310 649 1790 2117
1562 10 420 272 647 1941 368 1913 2435 2278 1265
1564 197 252 542 1306 1651 35 57 1045 1871 1946
1566 148 260 441 587 1025 240 688 2046 1933 1685
1569 38 174 266 1914 1528 157 280 1755 1728 244
1580 202 36 469 1755 583 179 688 788 846 1896
1586 364 781 1146 1620 2203 117 666 2420 1848 1691
1595 144 729 406 1150 1995 162 225 788 1162
1598 83 201 242 596 738 1343 1796 2573 111 190 1308 1552 1853
1600 83 421 770 1541 2405 48 333 1392 1804 867
1615 326 674 1038 1128 2046 84 222 380 636 1708
1616 173 421 1393 1855 1759 175 199 456 1818 1485
1617 588 1026 1411 1700 2627 205 1469 1094 2118 1941
1618 70 189 567 452 1289 292 708 1197 2404 1526
1630 88 421 1481 1539 1905 39 151 1640 1986 882
1647 172 446 561 891 1016 192 277 864 1191
1652 136 794 565 1185 224 209 188 298 2239 2492
1654 350 914 1027 1919 6 289 582 1176 2047 2183
1657 180 236 934 1020 1674 111 367 796 1845 2231
1658 242 101 576 900 1342 268 288 431 706 1800
1662 103 261 552 1154 1863 280 613 946 1711 2042
1669 220 535 1133 1465 1994 781 950 631 364 2021
1684 164 670 1185 1022 1448 129 1410 1825 2401 2594
1694 182 351 600 1178 1448 474 1682 190 961 215
1702 67 896 2628 34 445 40 260 1119 1876 1958
1717 143 390 754 1087 2214 89 127 766 1403 1800
1720 104 242 583 1816 960 122 401 2189 1064 1257
1721 110 263 780 1456 2017 184 836 2056 1302
1728 141 230 561 875 1181 1904 2202 146 249 1143 680 865 1475 2406
1729 259 772 829 1851 2643 13 455 1617 2028 2214
1732 67 1351 462 239 2154 72 890 1176 2466
1743 236 1442 775 1626 1299 1010 148 1340 1559 1726 1065 1997 1418 1843
1745 170 886 292 1807 1136 2658 636 1073 75 204 387 766 1858
1747 42 186 581 706 778 1281 2024 145 186 205 286 2023 2461
1755 36 200 946 1291 1816 369 804 1384 1621 2056
1756 68 354 1911 2030 478 244 267 1191 1254 1984
1765 431 172 1005 854 543 286 796 1162 822
1777 117 439 262 854 1403 154 560 1683 1811 2183
1779 583 1367 222 899 741 127 373 257 700 866
1782 143 387 550 1296 2362 205 812 1396 1443
1788 201 1183 659 346 842 459 1726 857 1184 1819
1813 27 48 335 457 693 1024 1819 2521 180 996 1441 1824 2488
1817 146 232 459 785 1004 175 433 1226 2042
1820 57 681 1445 395 1092 1615 63 211 267 218
1822 17 203 441 975 1007 241 1056 1868 1945 1738
1831 1107 1728 463 847 1916 175 291 2208 766 1372
1835 770 153 2126 1869 499 570 1725 1997 2207 2456
1858 341 506 2204 1781 1275 2652 200 812 21 462 1179 1268 2042
1860 188 1210 1015 974 558 1713 2438 1013 30 191 440 796 1685
1869 373 127 1412 1020 2502 1152 394 1680 2056 2398
1870 227 470 1361 1914 1502 341 750 1811 2445
1874 88 130 520 1711 1945 884 2060 1762 1317 1802
1877 218 1025 444 539 1932 1451 672 2008 55 372 1147 1926 2044
1881 179 552 1008 1812 1966 122 280 892 2214
1892 5 199 432 736 1116 1502 1783 2024 915 863 1805 2213
1893 190 144 171 414 1279 346 228 474 540 1857
1894 100 209 768 1312 1864 1508 1941 2157 301 679 1140 1361 1691
1902 181 437 106 451 1805 104 575 1499 769 1824
1905 462 1107 2256 2038 1316 764 2638 2562 1798 2158
1907 480 677 2010 2368 1207 240 2258 1005 1699 2544
1924 145 362 194 270 812 250 590 1714 2404 2568
1926 107 601 899 1250 2203 127 372 1000 2055 1949
1934 148 562 271 606 1251 236 444 673 2042 1871
1937 254 708 840 1264 1712 53 144 1788 1970 2396
1941 445 243 1060 1954 742 14 360 1066 1798 2238
1945 83 172 334 1564 2401 85 226 1339 1826 2405
1964 29 481 2046 762 1202 63 192 1003 1382 1910
1965 20 401 126 187 468 187 310 2040 571 1367
1966 389 1018 740 1448 1826 60 86 194 944 2018
1988 243 671 196 1027 1822 91 267 283 1341 2190
1992 366 210 494 1685 1857 2015 321 158 21 184 1412 1726 2157
2002 672 131 800 1961 1053 34 376 1621 2267
2004 197 439 1055 1310 1522 439 590 1073 1856 2632
2018 175 418 236 488 1504 240 382 1043 1699 1952
2024 109 263 442 485 1179 1254 1758 2223 346 867 1179 1825 2104
2025 197 220 283 470 1348 187 768 206 356 2401
2031 102 390 1475 1394 2153 182 869 1910 1489 1214
2034 53 270 215 102 126 290 1792 488 1343 1960
2042 50 220 401 690 1177 100 586 2047 1481 1223
2052 114 578 1020 2058 2226 145 400 426 940 1971
2053 134 190 621 494 1051 621 1404 1734 899
2057 161 276 390 1257 2205 366 1887 2421 1257
2067 150 407 682 1027 2194 2454 33 179 582 2208 1691
2077 256 578 1455 456 198 770 1113 2183 209 576 1212 1549 2429
2080 190 138 1444 2235 1258 389 228 458 2160 2500
2087 139 178 506 1159 203 54 720 1862 2021 1994
2093 106 189 403 672 1291 63 1800 1516 2380
2095 144 1176 210 2621 395 968 267 581 1387 2024 2403
2098 36 106 145 681 872 1927 2452 328 171 456 1253 1446 1811
2103 127 439 1805 1063 1915 212 1367 796 631 2020
2107 70 196 351 485 944 1326 1506 1848 668 876 955 1977 1505
2110 34 186 243 677 1024 163 796 1619 1702
2114 58 210 443 257 101 1629 243 682 246 570 1922 1668
2117 341 462 1215 1750 1959 171 578 1933 2197 2400
2119 940 1814 1720 1513 1986 1252 1196 2409 1671 1099 15 434 283 2204
2124 378 221 994 1180 1475 124 197 613 1792 1966
2131 22 95 236 516 147 346 1791 2097 1264 1905
2135 375 1374 2026 250 569 896 1876 2025 173 1944 2401 1226 2638
2142 190 443 1027 581 1645 378 418 321 1347 1864
2157 206 361 582 770 1418 41 1255 2203 1968 1256
2167 198 301 426 867 1711 104 242 180 668 1935
2168 215 348 906 1721 1448 1965 1273 2431 1312 178 369 929 1805 2022
2181 24 378 158 1000 2118 368 1264 1900 1862 1440
2187 99 132 203 804 867 1146 1522 2362 111 857 1842 1938
2195 120 404 1718 1939 2386 181 232 1220 1283 2108
2201 688 771 202 277 962 270 825 1064 1482 1878
2209 341 1177 1720 1969 1253 862 1682 1872 2246
2210 468 1450 1715 1801 666 180 1801 2449 2679
2215 138 586 1911 1751 1324 607 899 2000 77 412 1264 1819
2218 108 649 1716 862 405 1752 1209 1711 193 1009 104 1816 1269 875
2222 88 191 536 1026 215 187 1043 1102 1525 2219
2226 678 800 926 2441 1208 267 1200 1977 2453 1415
2229 112 298 1455 2203 2400 459 1346 575 1969 2443
2232 84 640 291 1572 1727 321 1723 2037 1252
2244 150 391 262 879 1016 138 184 278 521 2011
2245 290 516 1684 1974 572 198 336 573 1196 2046
2251 89 463 1759 1304 2409 54 229 1728 1735 2466
2259 161 404 255 1733 2209 1342 2013 1296 283 769 1516 1202
2263 112 439 225 565 1170 1822 1468 911 304 1853 2244 1316
2264 150 340 668 1294 2402 430 555 1629 1728
2275 145 221 338 497 1239 1706 2541 1232 441 562 683 1944 2202
2284 33 186 520 1459 2365 202 400 1773 1868 2226
2287 33 188 1152 1366 2015 237 458 1421 1763 1243
2298 34 167 495 835 1092 2186 1284 1817 109 870 1921 1215 1493
2303 220 360 131 898 570 1257 1792 1913 69 277 1264 1938 1759
2306 29 57 124 218 600 1456 173 861 2061 1835
2309 326 1173 236 1455 1910 68 187 1791 494 1348
2313 35 414 153 680 2274 1028 76 1908 2116 1726
2314 294 1153 218 659 429 221 764 606 1254 880
2321 52 200 645 1191 1682 2632 280 1863 1191 2201 1750
2328 192 678 99 875 1050 1401 2063 1756 1921 2406
2329 72 188 1456 1033 236 701 862 145 201 430 1447 1791 2364
2330 192 365 644 730 1150 187 801 1902 1761 2632
2333 197 506 345 1829 1208 66 1560 2012 874 2213
2337 115 332 472 639 859 187 175 668 932
2346 672 148 2037 1201 281 284 1972 2057 2214 1294
2351 175 242 487 1005 1718 444 1938 1755 631 872
2370 169 382 896 2388 1113 374 1933 2210 1656
2377 455 218 601 1283 1765 88 366 1623 1012 1761
2384 50 179 1162 1917 284 2321 63 740 1953 212 2218
2387 201 370 742 1264 1595 88 2047 1191 341 1751
2389 408 126 742 990 1490 1840 1951 2280 180 328 1263 1859 1413
2399 118 422 1450 2001 1815 219 535 1223 1840
2407 256 798 1959 1341 1773 2431 1160 1110 61 1397 1880 1932 2426
2409 138 400 515 690 847 1157 1690 2386 37 474 1516 2040 1695
2412 165 426 680 1917 2020 1752 1348 1757 2461 398
2414 567 242 874 1291 263 184 401 1725 2404
2418 51 276 423 1475 2022 53 2068 2153 1623 1587
2432 405 674 259 1870 2158 89 194 576 2101 1635
2436 63 217 448 1823 1003 1313 1756 2546 201 849 1954 1285 2175
2437 68 198 861 2040 2155 168 936 2006 2453
2439 354 474 163 1008 1219 106 214 455 1220 1712
2440 785 349 1194 1951 1706 158 688 1471 1806 593
2441 280 1152 234 1522 690 1060 1477 2202 165 692 1176 1903 2069
2447 132 388 402 772 149 90 324 1372 1212 2485
2450 124 210 871 468 193 116 507 1264 1888 1812
2451 123 367 454 890 1415 1797 1012 2233 336 1444 2162 1212 2104
2459 130 365 517 944 1137 1496 1726 2058 289 1279 1704 1535 1848
2464 394 1450 1107 1986 1206 147 1206 1711 1268 2159
2476 82 267 374 451 1761 70 111 257 2047 2196
2478 418 121 681 1066 1844 1170 2044 1723 1587 1966
2481 166 384 890 1616 2318 433 668 1850 950
2484 288 672 1047 1558 1204 191 575 1817 1201 2023
2488 320 890 1446 1767 2024 119 234 950 1265 1912
2498 1695 507 1944 1287 2402 778 1964 1492 2461
2513 137 472 541 900 1911 63 186 72 129 219
2516 462 220 189 1011 1365 127 606 2107 2461
2519 110 365 139 456 1836 171 626 865 1778 2406
2525 225 576 401 2430 1884 367 458 1268 1442 1853
2527 122 545 672 1134 1948 82 140 176 2188
2531 185 431 770 1143 1460 1922 2209 1252 1845 1913 580 1365 2383
2534 63 148 540 587 1064 1982 1516 2402 99 378 524 1469 1975
2535 190 341 102 678 1163 198 2453 2670 1268
2549 143 511 920 1743 1881 93 376 2043 1804
2559 220 503 842 911 1402 460 1801 1697 2126
2570 394 82 669 444 1874 2001 462 2593 271 1871 2342 1024
2572 74 169 312 837 1513 248 492 1726 1865 1440
2574 370 1215 1985 514 1053 511 1845 1960 2027 1345
2576 76 491 111 2044 1471 402 575 1805 1985 2251
2577 182 736 1000 1456 2578 217 246 1856 1410 1286
2580 144 306 687 1005 1751 179 1935 720 1809 2504
2582 444 127 1913 2380 1029 152 581 660 2153 1738
2596 110 382 175 169 1445 289 330 1821 2059
2607 178 336 493 1759 1024 187 440 2635 468 1153 1383 1803 2626
2609 149 268 480 1074 1800 123 215 899 1421 2104
2611 55 137 205 360 800 1159 1988 2628 705 2023 2207 1341
2617 22 655 1200 1842 2004 54 440 1728 1881 2672
2619 158 688 264 810 1199 527 1471 1340 1696
2627 270 134 796 1774 2253 218 288 1852 1793 1455
2629 341 518 239 876 1484 202 1805 2239 144 606 720 839 1872
2633 720 1456 311 1864 2025 98 157 864 796 1804
2641 70 178 406 892 2018 86 200 255 1448 1692
2642 217 239 555 1347 1806 151 641 2015 1252 2448
2647 1415 2639 254 1795 1104 401 1799 1800 1918 1462
2655 71 159 2220 1306 1994 147 2425 1776 44 185 842 1028
2663 102 414 1754 2182 1907 2033 1020 1273 1762 2459 63 1113 1981 1244
2664 400 162 490 700 1154 40 126 804 1819 1946
2670 111 387 256 1683 2153 171 1863 2131 1382
2677 1250 1362 217 259 1056 49 276 1421 1981 1760
2687 122 330 207 457 1985 161 2398 1285 204 912
2692 360 645 1188 1910 1340 117 252 288 434 1792
2699 182 450 1045 1711 1234 570 1689 846 2011
2702 63 405 129 1767 2042 201 382 708 1026 2602
2704 139 266 399 421 484 590 797 1031 182 1364 1908 2157 2031
2715 243 561 127 372 2104 875 19 1362 117 1944 2247 1256 270
2721 179 267 588 1151 2442 81 939 1910 1977 1842
2722 100 556 213 1726 879 172 280 962 2452
2723 254 1805 422 1695 2019 1000 1461 1153 2408 2279 172 1900 1164 1932
2727 63 106 497 166 280 298 470 1778 1156 1887
2728 114 283 430 612 1615 201 303 1726 1968 2447
2750 49 200 585 1351 2362 177 1044 428 1824 927 34 469 1199 1367 2056
2754 88 155 240 493 1611 2023 1213 1716 2640 877 260 1853 1179 2561 1259
2758 83 159 662 1157 1803 160 298 1412 1852
2760 76 284 190 661 1250 505 1769 1811 1440
2767 365 1424 2070 879 66 240 1255 468 72 561 1863 262 205
2770 104 266 588 1704 2450 34 283 705 1446 2207
2775 149 384 632 877 1067 1911 2380 1257 209 426 1800 1953 2211
2776 191 422 181 376 2548 289 301 1817 1649 2024
2781 186 567 210 254 398 246 961 1818 2229 2047
2787 394 111 182 202 683 201 287 434 640 1723
2792 1111 384 93 706 1279 155 302 1717 326 940 1904 1525 2198
2807 63 221 394 1028 1682 173 857 1179 1994
2809 338 1292 740 1860 972 179 641 1860 2562
2818 118 243 699 2064 657 590 1841 2429 1252 1313
2820 1006 265 1815 1324 1918 2658 272 1323 575 637 2238 891 2013
2835 122 185 762 684 1295 180 1561 1734 1997 2453
2836 112 290 1738 1399 1984 286 429 1878 2158
2842 54 202 381 1188 1305 1658 1934 2483 124 1318 2188 1679 590
2843 147 390 268 962 1805 1418 1964 1735 2364 2676
2850 86 159 1453 2420 1986 37 111 462 1849
2851 273 440 1759 263 1252 205 271 1114 1392 1852
2862 115 381 1884 532 1441 2206 1728 467 1059 2440 2175 467
2864 144 191 207 250 443 1028 1684 2596 189 1268 427 1728 2008
2887 127 459 135 281 556 870 41 604 1228 1763 1979
2899 100 1359 1724 404 1483 1964 1119 821 474 1628 1052 1966 2203
2900 404 830 475 661 2005 1522 2361 1450 591 1637 1948 2278 1344
2915 330 1169 1975 1255 1628 306 389 640 2085 2229
2917 148 379 1296 1722 883 267 685 1726 1803
2932 1413 196 558 2028 1251 1023 1818 2491 1609
2940 376 1422 1807 591 1650 1228 1495 2032 1494 2020 1412 1754 1802
2941 125 348 693 876 1020 470 672 1176 2040 2342
2943 375 150 908 1914 1170 246 899 1810 2016 1157
2952 148 263 1914 2023 2404 1792 2040 1005 2361
2954 144 575 917 1305 2034 1017 426 2116 1141 2454
2960 184 471 590 1296 2020 2589 111 307 110 375 2020 1163 1893
2962 115 288 164 246 577 54 351 492 1483 2176
2974 57 225 403 1102 1807 2655 679 2095 1151 1766 1832
2977 106 193 225 842 1711 1204 1004 536 220 647 1792 2022 2563
2980 368 739 2223 1257 1619 148 243 332 588 2016
2988 200 378 1041 1616 2158 117 276 1460 1898 2206
2996 75 95 334 514 2017 2399 254 871 793 2008 2330
2997 115 536 1940 675 2229 286 201 539 1922 1263
3000 370 1488 2568 223 1056 1948 1324 1417 148 1070 1775 2632
3001 204 682 1181 2557 1725 72 104 560 1997 2430
3014 180 624 1499 1910 2387 86 1128 1913 2439
3043 64 119 283 1414 1800 439 488 2040 1822 2107
3044 88 243 1768 521 1503 1201 1944 301 471 1600 1841 2567
3047 118 263 675 1896 456 354 1367 2207 1451 1758
3050 109 186 421 890 1495 434 1686 2258
3071 102 479 268 384 140 69 104 137 1866 2202
3074 194 330 558 715 1200 501 506 1349 1771
3075 116 567 135 1918 2036 1507 1724 2391 30 42 63 548 1259
3080 41 485 220 996 1159 1686 1275 1985 2635 561 84 179 474 1413 2380
3090 168 237 552 1155 2013 859 1726 1804 28 1540 1911 2236 2342
3095 24 376 911 1803 1727 1569 1059 1449 63 127 254 470 1010
3096 30 55 104 1915 1727 663 1194 2318 1848 2490
3098 153 407 162 1998 725 575 1626 1904 2459 1499
3103 31 155 372 586 699 1760 943 1203 1251 2067 155 324 1856 2107 1948
3107 204 1201 888 1355 1451 1769 461 2038 240 378 1552 2081
3114 341 576 2016 888 1656 2024 438 1195 681 1775 189 276 621 742 1205
3123 110 467 180 793 1018 63 575 1476 1922 1810
3125 394 899 1655 1000 1827 85 322 1464 1538 1824
3129 443 1320 760 1817 996 1487 2017 1726 2182 2406 128 242 365 1840 2005
3135 187 144 280 409 612 36 278 462 1817 2438
3137 400 187 1723 83 1514 37 663 1755 1953 2063
3142 182 613 842 979 2017 161 1906 2069 1680
3143 350 442 771 1060 2638 573 1770 2204 2637
3145 30 493 171 1208 267 845 1645 2064 79 646 1059 1905 364
3159 403 591 327 1485 1008 215 1348 1791 185 688 690 2112 2430
3162 387 246 1758 1222 1453 174 810 1770 1860 1447
3164 115 290 562 1003 1474 1753 1803 2138 37 862 1875 1489
3165 402 561 1357 2142 950 402 1056 2252 1943 2394
3182 68 221 352 544 1385 998 1279 2116 2365 2202
3195 35 118 541 828 2013 427 1615 2645 117 1442 2030 1750 1691
3200 600 1701 1513 2462 1303 2022 875 1706 50 174 865 1965 2434
3203 413 739 280 1625 874 2061 2560 1476 1801 2350 35 590 1797 1269 2202
3209 128 561 706 1878 1355 75 1370 1781 2563 1394
3220 403 272 1109 2215 1490 418 144 586 1024 1209
3226 118 299 570 1884 2230 631 1922 1284 1475 864
3246 14 387 670 1846 996 239 228 591 1475 1922
3248 162 245 605 729 847 1194 1780 1927 660 725 1796 1979
3250 588 2023 1419 1949 1151 125 159 289 1766 2018
3256 170 574 1150 1624 1857 433 283 1714 2016
3257 107 254 582 660 1017 1301 891 1788 1471 2153
3258 120 215 501 867 1389 326 715 1810 1994 2608
3263 680 422 1152 1970 1834 336 455 844 1716 2624
3265 36 690 1222 543 1889 14 220 865 1495 2116
3268 106 459 681 1723 2407 217 766 270 493 1711
3269 80 251 694 1163 1375 1842 249 1377 1794 2231 1323
3274 394 102 649 1158 1801 287 666 1159 399 1459 1906 1784 1147
3296 93 108 1447 1725 2611 40 179 524 1981 2421
3313 40 186 899 1164 681 1004 1447 2026 220 1726 1943 600 861
3316 63 209 284 1166 1459 337 2040 1610 1804 1224
3319 1644 207 872 1449 1308 1642 2310 595 1823 1076 434 1726 2456 2019 1923
3322 6 125 360 129 2019 582 2381 1173 1640 891 225 1070 1224 2405
3331 125 366 650 1993 1440 378 1614 1456 296 1946
3346 455 1300 1721 1940 2498 180 197 301 1471 2452
3353 106 194 484 711 873 1275 1390 1987 2040 1141 1153 2404 2630
3361 4 120 171 263 398 77 1726 2364 900 2051
3370 175 457 600 1260 1489 246 474 641 1792 1910
3375 223 381 928 1159 1493 105 158 280 1800 2566
3381 31 202 1179 289 1466 590 2058 117 162 1255 1896 841 1966
3386 202 348 455 1061 1775 1210 1580 2614 59 613 1408 1906 2409
3388 24 336 586 1255 1794 33 2044 168 1320 1979
3393 153 876 2013 321 1789 236 924 2044 1919
3403 450 263 1975 1141 1682 869 2040 1917 1216
3404 93 167 360 546 1919 186 263 804 900 1229
3408 177 290 463 812 1055 468 1918 2162 1375
3424 101 222 474 137 1825 270 440 681 846 1625
3426 601 1756 2445 1785 1938 1792 1824 1495 1270 2429
3431 114 365 700 1801 1460 42 418 1801 1726 1382
3435 152 406 1724 1874 2383 277 1202 921 484 1789
3439 111 268 576 1377 960 176 582 882 954 1863
3442 399 154 1087 1821 399 209 1386 2186 570
3455 188 450 2368 1458 597 41 418 1109 1754 2427
3459 149 382 1076 2155 28 382 960 184 1074 1982
3464 239 306 427 675 852 1911 2206 1239 220 581 1399 1283 1872
3467 87 130 190 426 837 181 863 1268
3468 93 202 1477 2401 1483 33 219 1021 1917
3470 134 215 370 596 1326 127 151 220 544 2258
3478 681 1375 2542 416 1389 29 288 1418 1842 2008
3482 394 1012 2175 50 128 1854 662 2403 18 242 1318 1607
3494 105 804 2373 1517 2026 1681 1239 2150 2085 1236
3501 125 382 547 1010 1341 135 1240 2208 2409
3505 330 215 1723 1497 1819 1045 1922 899 1417 1235
3513 142 368 766 231 400 430 1078 1176 2108 1951
3516 240 1616 1948 875 2637 135 173 962 1885 1404
3520 372 900 1625 1172 49 2442 1302 1622 72 104 458 966 1809
3527 140 389 1201 1739 2635 254 382 450 1941 1734
3532 119 567 221 414 168 37 148 180 376 988
3536 220 268 572 1413 1909 104 1973 2567 170 2398
3538 165 442 1063 2200 2429 210 224 832 1201 2566
3540 375 2095 1068 1949 2400 207 486 662 1906 2404
3543 368 512 1150 2027 1311 188 492 1441 1654 1204
3544 40 225 462 1159 1812 2390 460 1345 2012 2375 2431
3555 204 1189 1369 1721 2273 57 621 732 1946
3562 106 190 640 1153 1724 1442 2630 1978 318 822 1918 1941 1680
3573 560 1344 1978 300 1231 861 1349 1800 574 769 2069 2102
3574 467 223 801 136 600 172 240 197 1254 614
3575 179 244 1309 2020 1691 33 1726 1801 1158 1656
3576 9 200 473 1211 1453 2406 1489 1711 2362 1368 1917
3590 39 152 740 1872 2169 1252 2480 2612 283 769 1902 1966 2433
3592 675 1200 388 1253 2634 1985 1655 1244 547
3604 118 356 640 1725 1973 2062 1238 1496 187 433 885 1207
3613 140 265 1970 114 859 176 402 1394 1125 1716
3616 217 488 1144 1969 2392 223 441 1683 1171 1528
3617 204 450 763 1919 1287 146 800 1861 311 444 705 1804 1886
3626 130 1688 387 214 1007 29 492 660 1184 1310
3632 31 207 423 1584 1004 250 1794 1933 144 430
3639 119 556 1725 2054 1413 888 1964 1725 2371 2058 298 242 474 2101 1984
3641 333 1968 475 284 1459 1710 115 177 268 500 1409
3646 1216 262 1785 111 706 1219 265 595 117 1791 2231 1516
3647 670 159 1259 1446 1782 843 1017 2167 162 257 1755 1980 2368
3649 341 600 1157 267 477 1804 239 363 788 1284 1717
3661 60 136 177 189 213 227 265 340 348 374 248 577 862 1198 2012
3670 144 230 582 871 2007 1155 1886 624 72 891 1933 1265 270
3679 121 158 331 441 873 1993 2055 2380 233 819 1301 1946
3683 331 680 2527 1982 553 366 1218 1997 1549 2390
3690 222 700 1448 1254 130 580 181 440 2016 1347 1905
3694 140 367 255 922 2011 238 1045 1505 1981 2168
3700 149 266 1159 1912 740 1838 1327 1157 87 1147 742 1855 2022
3707 336 401 873 1691 1251 497 144 1076 1369 2208
3712 185 420 126 1881 994 1091 458 2201 1233 705
3715 161 742 365 123 243 132 474 547 923 950
3724 101 256 1789 1427 2156 524 2016 1183 2361 475
3727 191 372 820 2047 1458 175 1045 2406 2498
3732 76 143 320 1886 1157 720 185 312 1970 2431
3740 40 89 1415 1801 1094 655 2528 1768 1938 1229 31 51 1727 1904
3742 36 577 1170 1994 1421 211 1407 2040 1228 2637
3745 639 1720 421 2014 1100 188 252 367 1910 2361
3754 100 192 368 137 256 281 2205 1104 119 581 1177 1442 1801
3757 253 364 510 671 1177 50 191 1345 1342 1866
3765 264 657 1259 397 888 619 1918 1686 872 1250
3774 47 240 137 1902 1220 125 278 1387 1619 1910
3781 147 673 1181 1103 1842 272 1707 1853 2440 2134
3787 54 172 341 946 1772 151 158 867 1264 740
3789 836 890 1775 1293 2207 187 820 1179 1487
3792 106 412 875 2064 2633 33 218 561 1984 1289
3813 199 327 871 1414 1056 211 586 1485 2397 2116
3816 59 202 640 1471 1710 2435 2645 1114 31 2044 1254 1905
3824 220 374 606 1452 2166 196 504 645 1879 1791
3825 198 711 446 2025 1285 176 1322 1611 1781 2287
3832 640 771 1862 1298 2048 29 613 2473 2258
3846 421 1875 1304 2224 2638 196 1049 919 161 194 645 706 1840
3848 187 360 922 1447 1875 2407 119 575 698 1879 1428 1918 2056 1795
3852 341 576 1990 1203 1506 36 474 660 1176 2342
3856 172 800 1541 1011 1200 301 1552 2205 1732
3859 106 455 2384 771 1955 1284 620 2379 54 573 1162 1257 2404
3861 42 1017 1284 1803 674 1413 2639 2026 279 462 556 789 1887
3864 553 867 1419 1970 728 50 196 262 799 2060
3885 400 185 1021 1464 2563 378 294 1058 2404 2279
3886 107 372 763 449 1996 1219 1619 1149 89 312 2567 1855
3891 191 136 555 1764 262 5 68 173 2060 2508
3892 135 706 1757 2205 2566 286 1791 1065 1921 2505
3893 46 192 1256 1347 2207 2554 2611 2490 125 155 490 1054 1929
3896 672 427 263 1804 1486 62 303 176 488 2226
3905 421 872 1507 1766 1987 1101 1442 2011 161 893 1948 1020
3906 149 301 670 962 2422 1064 1940 1655 27 168 705 1114 2151
3907 361 640 1982 124 739 83 117 376 672 2024
3914 109 263 368 254 1015 104 626 1711 1951 1906
3921 40 134 215 372 891 1900 2447 1240 2177
3935 67 1553 195 2204 1499 331 395 1437 1030 1176
3937 1497 415 603 1808 1268 1100 1612 288 1222 149 171 1817 202 1365 1616
3941 111 263 355 517 1804 104 1386 1717 1476 1621
3948 1340 1716 1952 807 1228 268 1443 1204 2169 1491 82 606 1442 1744
3950 370 254 1966 543 1755 769 2061 1516 1878
3956 130 1185 1947 320 1315 1303 1187 567 157 220 781 1942 2055
3960 172 540 2631 180 996 389 858 1021 2398
3964 30 142 588 870 2014 49 472 804 1506 1967
3977 31 116 450 550 593 650 847 1182 1485 1726 111 249 1747 2200
3978 24 167 496 542 1817 2103 2638 2437 75 1266 2060 1938 1263
3984 440 471 1051 1968 833 202 450 586 862 1215
3985 195 742 1681 2200 1275 199 378 812 541
3989 164 402 846 1305 1919 187 114 1711 1667 2434
3995 132 301 670 118 495 322 2076 1810 1917
3996 128 586 2427 970 2116 68 621 1910 2056 1363
4006 31 492 1968 1400 1778 1346 2040 1897 2204
4013 421 573 178 1493 1022 755 2188 1304 45 1116 1720 1905 2434
4017 207 364 1919 1484 1204 187 290 374 857 1253
4020 121 142 585 366 708 1943 1537 1451 54 220 1180 2014
4023 170 403 612 791 1057 1382 1497 1758 72 240 919 1262 1918
4047 273 151 418 165 201 964 1004 1428 1879 2433 426 680 444 1385 2182
4048 400 284 522 1912 1147 159 680 1804 1953
4049 943 1774 2050 1285 1910 152 568 1386 1810 2272
4059 50 201 460 417 1785 1238 1400 1473 434 1908 1489 2088 1618
4063 587 120 146 363 705 922 1484 2004 180 218 655 1940 2261
4071 190 428 355 1621 2070 250 283 1711 1441 2021
4073 18 207 396 681 940 1205 2566 1711 58 114 268 462 2042
4078 128 571 199 240 897 646 857 1726 1407 1985
4080 160 692 1278 864 1309 376 1202 1953 1726
4082 11 361 102 1440 1180 683 105 234 175 1918 943 1254 1800
4087 371 875 1505 2026 2591 218 1646 2016 580 945
4094 19 406 575 1482 1617 159 1855 2021 2408
4101 188 343 765 1175 1467 68 742 1806 1909 1164
4102 212 987 1715 270 1552 575 2042 1386 1872
4110 333 478 1204 1977 2095 1882 2195 1172 1366 2209
4113 370 147 915 280 1721 41 570 1801 1328 2367
4119 375 1495 2232 1715 2602 950 2056 1724 1325 646
4121 106 330 459 780 1449 1866 212 237 190 863 1421 1900 1224
4145 275 491 770 1324 1961 190 606 962 1443 2481
4149 67 356 480 791 2000 2636 319 548 19 249 864 1723 950
4154 125 215 430 572 1291 1808 1889 2409 1059 1263 1873 241 1529
4157 114 399 475 870 2016 129 883 1586 474 209 267 1623 1385
4162 188 431 766 2011 2446 118 396 796 1294 1448
4163 134 536 1805 2237 1421 1176 1806 1894 1544
4165 138 202 459 546 560 692 1010 1146 1328 1690 34 175 236 882 2038
4172 172 198 346 1201 539 125 437 2021 1440 2402
4174 115 194 226 763 1081 400 939 1986 1200 2336
4198 162 401 259 524 668 1304 1982 1110 239 1620 1753 2425
4207 290 1150 1788 2560 242 1039 607 1912 1655 1989 187 249 394 2233
4213 57 105 171 492 1448 387 641 2191 1252
4217 462 211 1750 585 1500 70 191 882 1159 1766
4230 403 612 928 175 1782 35 246 812 1946
4241 132 390 550 183 2051 434 1853 1975 1385
4245 206 1724 1009 2617 1801 1298 2411 46 110 1725 1858 2016 2201
4248 49 182 405 1614 2490 173 211 555 822 1415
4252 5 159 870 393 1442 1026 1516 1728 1947 2252
4257 13 92 337 520 1466 240 578 1292 2383
4262 361 238 524 1174 1361 1815 1005 403 174 1004 1587 2206 1268
4266 44 201 555 1690 1305 728 406 847 209 470 1853 1228 1974
4267 431 1750 644 1952 2432 63 280 2068 1236 840
4270 51 1173 29 180 2049 1175 2227 350 406 1324 1448 1202 1815
4271 567 223 1782 960 351 28 196 1726 1116 2435
4279 222 1431 57 1689 2429 1059 1515 2434 2205
4283 206 1388 1152 224 1297 1019 1978 1758 22 246 1172 2106 1722
4287 268 552 1956 842 376 238 1209 1611 2003 2079
4290 106 570 911 1482 1793 2188 86 1750 2380 561 1974
4294 206 572 129 401 1803 265 419 1840 1792 2564
4295 196 367 1416 1239 688 34 688 1026 1914 2400
4296 333 457 1017 1801 1481 33 2044 1691 1442
4299 183 391 610 1079 1626 201 1268 1894 1871 2420
4303 394 576 1684 552 1754 640 63 1114 1903 421
4317 34 68 170 206 526 890 1195 1454 201 586 1253 2207 2410
4325 131 566 1802 2248 1015 26 252 463 697 1396
4328 405 1729 1201 428 1819 83 1919 1259 2394
4331 131 220 405 1721 1915 72 450 868 1204
4332 221 583 1049 1515 2404 66 499 720 1839 1754
4333 50 173 641 777 1370 1859 2027 2252 368 777 1012 1943 2380
4338 36 55 147 1988 1724 640 1213 890 2027 1659 280 1268 975 2397 2489
4342 170 943 1373 428 601 245 173 1379 1618 2440 165 1084 1946 2485 2162
4343 42 562 263 400 1796 1880 2178 41 1356 1766 283 707 1314 842
4354 120 646 567 1982 1117 120 680 2040 861 1945
4358 372 218 1065 662 80 1236 1801 1179 1306 1151
4359 578 2104 264 462 1168 1457 1897 2109 206 394 1194 1595 1718
4362 165 212 243 526 931 187 270 524 615 1752
4367 401 263 1751 1914 1200 421 1469 777 1933
4370 14 301 870 1187 1968 2225 1253 1834 134 685 764 1112 1477
4375 151 367 705 1280 936 1410 2549 682 283 402 1154 2380
4377 25 678 111 194 2206 375 661 1405 2155
4379 111 266 570 1447 1977 360 411 1141 1807 1966
4381 22 388 473 567 803 155 570 1966 1759 1843
4384 182 437 301 242 1158 133 684 1581 1753 1414
4387 450 119 299 602 841 187 492 450 1061 1896
4390 164 585 1074 2363 1216 278 621 690 1918 1804
4399 1004 1208 269 574 1516 484 848 1153 1964 1394
4402 200 179 644 1301 1910 863 27 1300 347 1488 65 1740 2206 2637
4404 678 402 1259 563 1996 568 1527 1841 929
4405 333 468 592 841 1645 91 175 864 1855 1226
4414 401 270 1649 1975 2180 418 568 1720 2014
4419 46 119 680 775 1016 2061 1254 1878 10 742 1345 2258
4420 87 252 460 263 1911 172 1059 216 930
4435 24 391 1465 1158 1727 191 2390 2343 2400 2078
4439 219 106 268 850 1911 70 865 1979 2231 2595
4442 420 1724 1156 840 1823 187 659 575 2101 2300
4445 367 1459 1078 1997 2549 500 141 1988 2485
4459 141 862 177 2010 2404 21 206 919 1270 1910
4461 158 221 474 1055 1208 208 1163 1922 874 1481
4464 136 744 320 242 701 129 337 1744 1679 2015
4467 110 173 401 1818 2200 187 621 1723 1740 1980
4470 150 280 596 405 1976 141 740 1550 36 406 572 1421 2044
4477 450 1619 1196 879 1016 662 750 288 414
4481 180 473 707 1444 1359 87 219 481 1320 1918
4487 105 428 796 1411 2226 621 242 1861 2016
4494 276 104 2226 173 1294 191 966 175 638 2025
4497 567 299 1322 2023 688 471 852 1802 194 462 1150 1914
4498 194 266 1219 836 1018 90 1792 2394 1254
4506 428 770 299 646 1817 280 1792 865 1386 2040
4516 561 213 1188 1745 2403 200 1918 567 1322 2386
4517 188 1462 1104 2204 1416 51 1316 1691 1149 2206
4518 66 189 444 1202 1961 288 1386 1716 2461
4521 191 275 455 1975 2044 50 1177 1726 1949 1307
4526 70 187 304 461 570 622 775 1328 488 374 1904 1386 833
4528 443 1051 1791 1202 211 1442 2341 470 240 1726 1780
4538 440 1723 881 1946 269 162 1199 2541 1956 2237
4539 36 165 567 2203 304 1918 1160 1995 173 788 2012 1199
4541 72 406 1291 1800 2250 19 61 204 372 846
4546 31 493 1721 1006 1645 191 439 1214 2044 1874
4547 71 203 482 1380 2254 106 182 690 1174 1896
4552 120 155 2016 234 962 171 583 2018 1894
4553 356 469 760 818 142 405 1194 2563 123 170 188 221 1328
4562 444 1798 303 1901 1175 65 188 310 1417 1818
4573 73 425 616 1542 1788 2486 1003 2029 218 660 862 1888 2006
4581 195 266 631 1626 1418 1168 1286 2031 187 206 368 1040 837
4587 137 195 544 860 1018 186 219 405 564 868
4590 367 816 1547 965 183 568 1418 1838 2544
4591 185 422 201 1307 804 199 470 621 1065 1848
4593 172 494 1072 2393 2016 72 1640 2061 1419 1196
4600 306 671 188 1144 450 104 871 1237 1920 2461
4603 176 585 900 1012 1729 322 389 1176 1385 1774
4604 204 68 1404 1200 593 1856 1640 2124 1382 2081
4607 236 677 1806 1296 1417 1114 1262 708 859 1263
4610 110 564 1755 2045 1226 90 187 1975 2207
4619 588 396 1718 2226 2405 54 471 1926 1797 2361
4620 129 354 171 910 2058 210 564 1829 2011 1342
4623 30 164 366 148 522 1255 1975 285 210 660 1726 1313 1853
4624 376 1705 1259 1913 444 1059 1224 1444 1906 2672
4625 305 871 1592 668 1751 1183 2013 2434 91 1153 1308 1935 2232
4638 21 365 134 800 1568 127 186 671 1224 1027
4653 41 162 70 290 1157 870 1300 1756 2235 2407 370 1412 1500 2001 2276
4655 238 415 1064 1655 1501 36 200 539 1817 1294
4663 141 563 690 1026 1954 181 219 1977 1314
4665 217 348 570 1220 1972 290 367 688 1152
4676 115 439 1699 1852 2206 200 1179 1821 1293 1900
4684 99 223 444 1326 1959 170 1977 2429
4686 116 701 2544 1285 1838 33 1641 2040 1763 1831
4702 1157 672 2019 1251 2342 526 1809 1997 1446
4710 91 204 688 867 1957 105 176 558 777 1409
4711 384 970 1619 202 1452 842 1900 1921 2403
4717 50 239 570 1475 2010 102 440 576 2272 2431
4724 170 436 651 886 225 39 75 224 245 1982
4725 35 166 408 632 1953 185 863 1725 2063 2651
4728 378 1723 1141 659 1285 2028 1507 2245 32 1410 966 1417
4731 232 579 1175 1466 2188 105 242 1720 1860 1600
4734 182 336 214 153 2026 187 1516 1900 2441 2183
4738 256 800 443 1514 760 201 1358 1882 1441 214 1072 2053 1633
4739 175 267 360 602 910 15 681 2024 2189
4740 147 2204 671 1183 2573 1159 1761 1449 1724 2591
4745 115 300 428 152 799 242 846 1009 1313
4759 261 422 493 774 1443 220 255 321 1265 2428
4766 72 131 300 367 1849 2364 725 151 206 950 1018 1725 1785
4768 441 1028 792 1502 1968 450 604 1691 1150 2623
4775 117 439 255 590 1235 1916 2024 2469 188 234 455 1868 2028
4785 200 328 871 1775 1044 433 1015 1621 2060 1729
4788 191 255 1395 1724 1946 29 220 666 1325 1857
4795 404 188 975 1648 587 2020 765 1519 289 1970 1948 1731 2040
4808 375 204 1421 1919 227 186 188 1216 1456 1362
4812 250 874 198 1418 1765 24 185 304 550
4818 61 294 876 173 500 76 439 2053 1786 1445
4821 375 141 238 673 1902 177 206 1196 1821 2408
4833 137 561 270 720 1297 2051 242 1117 280 606 2238 281
4834 125 406 1727 1959 2404 1056 1443 1264 1919 2426
4837 44 122 570 1348 2064 1876 399 1317 240 191 867 1473 1460
4852 5 152 305 682 879 102 1856 921 1500 2362
4878 683 1715 2565 334 1311 2404 194 458 1307 2426 2402
4880 188 255 540 1264 1712 1475 1800 1956 36 50 2188 1866 2433
4881 75 542 2062 1298 1912 2638 223 842 68 591 1807 1922
4895 400 678 1188 1426 1871 246 1640 1154 883 2012
4901 172 415 256 180 1446 740 962 344 453 1713
4905 481 1205 1873 2392 2638 539 1878 1727 1449
4908 428 552 1772 1204 950 940 268 1771 1839 2550
4912 189 371 744 932 1305 129 267 1912 2402
4915 105 229 372 476 1800 1151 1918 1727 2400
4918 422 840 1065 2433 1792 561 1977 1368 126 450 1859 1894 2028
4919 238 142 587 360 17 928 1810 1492 237 460 556 1740 1908
4953 462 215 340 356 1307 234 1472 1179 2204 2626
4957 111 215 575 1346 1988 250 738 922 1346 2601 375 1805 1463 1629
4958 179 622 770 1987 2438 22 1906 1416 1258 1831
4967 220 462 576 1313 2433 742 962 1863 2028 1497
4970 41 590 1642 239 810 101 175 924 1462 1784
4988 99 144 182 558 1064 278 2061 1888 2452
5001 350 444 681 1887 1328 144 407 621 742 1793
5028 375 1180 669 1458 2210 282 1932 2401 18 655 2190 1720 2042
5030 42 100 789 1159 1695 1116 1969 1755 2437 1621
5038 30 206 424 1755 1208 1694 2597 44 198 1015 1236 1804 1914
5046 146 681 1924 1245 830 1320 1419 2082 369 2447
5072 367 441 1082 1876 1624 1413 263 1083 50 1202 1933 1697 1810
5078 165 186 274 399 838 75 940 1761 2027
5080 330 675 2014 2590 1488 51 846 975 1470 1921
5084 64 587 1175 2404 2066 1292 380 1646 2052 2407
5105 362 1104 2205 1512 875 117 178 312 640 1968
5117 136 183 476 644 1294 1948 1255 1718 140 1840 1910 2430
5129 33 199 524 1285 1629 139 788 2414 2520 1653
5130 220 463 1116 195 1211 36 214 178 602 1957
5143 101 250 1344 1800 431 578 1111 862 2649 351
5145 720 586 841 1960 2053 61 2044 1202 1856 2016
5155 588 1766 2211 497 1167 283 1141 1875 220 456
5157 149 188 1406 2614 1973 148 585 2562 1631 2105
5160 118 285 161 424 1995 239 1119 2017 1157 1771
5166 567 1414 263 1973 1003 1520 1410 678 17 434 260 278 1892
5169 202 558 251 321 1960 298 561 1264 2227 2391
5175 62 388 500 1453 2044 462 271 1981 1243 1651
5176 266 507 1020 1857 2168 993 1216 2024 492 966 201 1904 1772
5180 255 583 1918 1325 376 141 1471 1668 2244 2437
5184 376 552 699 1219 1656 42 1000 1838 2208 2454
5190 118 400 222 569 740 146 1726 1240 1916 2436
5192 7 468 1109 1965 2073 426 1819 2042 1626 774
5201 126 264 493 661 2394 91 243 418 597 1702
5204 167 415 182 1049 930 90 384 1966 1469 2200
5207 1155 184 2652 70 2017 1151 262 631 1237 1480
5210 330 1158 657 1983 732 344 1275 1800 28 206 1122 2362
5213 117 201 662 324 2485 270 998 540 187 462
5220 202 1434 675 788 1150 39 277 2047 1386 1713
5221 213 659 276 820 1378 89 301 1414 1531 2155
5228 220 561 868 1488 1766 159 507 288 2020 2376
5234 215 362 1301 1443 1805 470 111 1420 877 1351
5241 110 220 294 1353 161 186 1900 2429 257 1414
5243 159 318 687 1250 1840 173 1444 1914 2429
5244 171 456 147 236 1915 115 588 1973 2210 2439
5247 660 1176 806 365 1466 34 225 288 506 1390
5253 70 244 511 1768 1221 91 255 204 324 1496
5255 130 379 165 296 2138 54 209 1214 1817 2461
5259 64 171 412 860 1952 1270 2575 2405 171 395 842 1544 2008
5262 117 194 1686 945 2462 146 921 1407 1807 1943
5263 66 375 554 697 943 1228 2086 360 58 365 1868 2404
5266 441 462 714 1782 1936 2504 198 562 1072 1894 1724
5274 403 1198 188 246 1712 2015 282 1996 885 966 1804 1917 2403
5283 120 418 1749 2065 1456 720 1214 2596 2403
5286 115 144 205 681 1722 2632 72 387 222 1489 2591
5292 57 382 175 604 1448 1985 2162 2348 1988
5293 574 1806 1439 2363 1510 2061 668 1983 1224
5295 1173 540 264 1970 1800 172 768 1922 1418 2004
5298 197 445 601 1445 1760 484 549 888 1018 2178
5308 83 12 2203 1096 1389 53 81 1910 1364 1179
5309 182 544 960 2362 2181 426 1442 1873 2002 2383
5318 222 374 560 1152 1890 33 186 1263 1988
5332 62 140 218 364 606 987 1159 1324 1711 2434 283 793 1358 2207
5335 1401 1254 582 2177 966 382 471 1115 1987 2059
5345 44 188 370 1174 2213 221 859 1440 2429 1855
5361 439 873 1785 604 2222 18 668 1775 1918
5363 12 354 740 1970 911 246 1489 1872 1921 871
5365 67 478 1155 1301 2063 2432 179 606 1212 257 1803
5378 375 2045 1293 82 1962 1437 83 1159 374 1809 1471
5382 202 380 722 1296 1562 1871 2029 2550 43 268 1726 1009 1870
5396 73 184 662 1054 1323 29 418 796 2214 2406
5399 88 524 1619 250 1445 1919 2021 475 2405 1347 125 181 507 1318 2398
5410 320 649 862 1174 1236 1941 2106 1720 962 641 1268 1797 2207
5411 128 592 720 1713 2390 240 478 856 1853
5414 120 432 1061 1858 401 99 175 1123 1311 1862
5423 236 888 1059 1204 1966 9 197 849 1853 1792
5435 51 210 378 640 1342 1902 2422 1533 222 381 647 1243 1730
5438 336 142 865 1191 1980 1729 189 461 840 2059 1942
5443 110 47 586 2204 1257 1000 2425 2380 1808
5444 360 425 1500 1615 2423 184 566 1391 2064 2508
5454 145 198 580 737 1012 172 1918 2402 2118 1725
5455 462 888 1303 1612 2015 276 2061 895 1200 2399
5458 130 256 192 211 136 180 562 1289 1654 2383 182 276 900 1888 1256
5472 75 174 599 1012 2381 69 447 521 1529 2366
5474 140 682 1754 1218 2433 83 215 562 1270 2405
5478 164 911 1020 878 1920 172 61 510 1985 1450
5479 191 432 575 678 1042 2014 1392 2630 434 1801 1938 1255 348
5480 144 307 1760 1952 158 929 804 1823 2568 1156
5487 150 1937 1165 857 1708 82 426 1878 434 1913
5492 78 201 365 509 1351 1643 276 672 929 1153 1972
5502 476 859 1479 2029 1712 2635 63 682 2387 1944
5504 1218 1965 570 2362 431 1804 1044 1625 104 1910 2044 1552 2432
5510 134 471 594 1804 1497 214 267 849 2380
5532 128 236 552 299 867 69 1791 1616 1257
5536 1820 1651 1373 890 1502 1144 1619 2275 2468 1209 55 209 2040 2364
5538 678 1244 1978 325 1762 562 705 1240 68 134 462 799 1843
5545 105 372 184 1977 150 162 701 1236 2042 1946
5547 60 259 485 774 903 411 1484 2206 865
5558 405 567 777 1904 2426 47 859 1728
5569 54 383 710 1997 1348 180 962 191 1353 2079
5573 189 266 1053 1414 1756 37 139 574 960 1810
