0 5
1 10
2 64
3 20
4 14
5 122
6 74
7 26
8 10
9 6
10 43
11 4
12 19
13 15
14 6
15 3
16 7
17 11
18 9
19 15
20 4
21 11
22 17
23 5
24 6
25 18
26 66
27 6
28 37
29 9
30 33
31 5
32 54
33 16
34 9
35 6
36 7
37 8
38 13
39 17
40 2
41 7
42 5
43 21
44 5
45 3
46 2
47 9
48 14
49 13
50 4
51 7
52 11
53 9
54 12
55 5
56 4
57 4
58 7
59 4
60 12
61 5
62 6
63 4
64 6
65 4
66 17
67 8
68 3
69 5
70 3
71 8
72 9
73 13
74 5
75 12
76 7
77 6
78 6
79 9
80 10
81 5
82 5
83 9
84 8
85 4
86 5
87 4
88 5
89 4
90 5
91 5
92 12
93 15
94 22
95 5
96 4
97 30
98 4
99 3
100 37
101 12
102 15
103 10
104 12
105 7
106 17
107 7
108 5
109 6
110 5
111 6
112 5
113 8
114 18
115 5
116 14
117 3
118 4
119 51
120 14
121 13
122 38
123 8
124 4
125 5
126 12
127 4
128 2
129 22
130 4
131 9
132 8
133 15
134 18
135 5
136 6
137 16
138 3
139 4
140 14
141 12
142 8
143 17
144 13
145 1
146 9
147 4
148 25
149 5
150 28
151 4
152 9
153 6
154 9
155 6
156 5
157 11
158 6
159 9
160 17
161 13
162 13
163 14
164 25
165 3
166 9
167 10
168 3
169 7
170 9
171 15
172 5
173 4
174 5
175 12
176 6
177 6
178 10
179 5
180 20
181 5
182 12
183 7
184 4
185 5
186 12
187 4
188 7
189 12
190 12
191 13
192 21
193 4
194 4
195 4
196 10
197 10
198 13
199 5
200 16
201 7
202 6
203 6
204 10
205 7
206 10
207 23
208 5
209 20
210 5
211 10
212 7
213 7
214 4
215 5
216 12
217 8
218 4
219 6
220 7
221 4
222 9
223 6
224 6
225 8
226 8
227 14
228 8
229 6
230 3
231 7
232 7
233 8
234 6
235 3
236 11
237 11
238 8
239 7
240 12
241 4
242 13
243 13
244 10
245 7
246 4
247 20
248 11
249 6
250 4
251 3
252 7
253 5
254 5
255 10
256 3
257 5
258 4
259 6
260 9
261 6
262 4
263 4
264 4
265 17
266 4
267 3
268 10
269 4
270 3
271 4
272 6
273 2
274 5
275 6
276 11
277 16
278 11
279 8
280 17
281 8
282 12
283 14
284 4
285 3
286 5
287 4
288 6
289 8
290 5
291 5
292 5
293 5
294 5
295 4
296 4
297 5
298 11
299 4
300 10
301 7
302 4
303 5
304 14
305 4
306 5
307 10
308 6
309 12
310 4
311 4
312 3
313 3
314 5
315 11
316 10
317 7
318 5
319 5
320 5
321 5
322 3
323 5
324 8
325 3
326 5
327 34
328 5
329 7
330 3
331 13
332 6
333 5
334 8
335 7
336 7
337 8
338 6
339 7
340 3
341 15
342 3
343 3
344 3
345 17
346 11
347 5
348 5
349 6
350 5
351 5
352 9
353 5
354 7
355 12
356 4
357 6
358 5
359 19
360 6
361 4
362 4
363 5
364 16
365 7
366 4
367 5
368 4
369 4
370 12
371 7
372 9
373 5
374 5
375 4
376 5
377 5
378 10
379 4
380 6
381 6
382 13
383 4
384 9
385 7
386 8
387 6
388 6
389 9
390 7
391 2
392 13
393 4
394 12
395 4
396 16
397 7
398 6
399 7
400 13
401 5
402 5
403 4
404 7
405 6
406 6
407 5
408 6
409 6
410 8
411 6
412 3
413 4
414 8
415 9
416 11
417 5
418 7
419 5
420 5
421 5
422 5
423 5
424 5
425 4
426 5
427 5
428 3
429 10
430 5
431 10
432 8
433 7
434 7
435 13
436 5
437 8
438 9
439 6
440 4
441 2
442 5
443 22
444 5
445 5
446 9
447 12
448 7
449 6
450 7
451 4
452 6
453 5
454 5
455 5
456 4
457 6
458 6
459 2
460 4
461 2
462 3
463 5
464 10
465 6
466 7
467 7
468 5
469 6
470 5
471 3
472 5
473 6
474 6
475 7
476 5
477 9
478 4
479 12
480 4
481 5
482 8
483 10
484 4
485 5
486 5
487 4
488 8
489 16
490 4
491 6
492 3
493 9
494 2
495 11
496 5
497 7
498 6
499 7
500 6
501 7
502 1
503 8
504 8
505 5
506 6
507 11
508 3
509 3
510 5
511 14
512 9
513 5
514 5
515 4
516 5
517 5
518 6
519 14
520 12
521 4
522 12
523 4
524 5
525 4
526 5
527 12
528 5
529 7
530 4
531 6
532 3
533 8
534 5
535 3
536 5
537 6
538 4
539 5
540 6
541 3
542 3
543 9
544 6
545 4
546 4
547 3
548 7
549 1
550 3
551 3
552 8
553 6
554 4
555 4
556 4
557 8
558 10
559 8
560 4
561 5
562 5
563 6
564 7
565 6
566 6
567 5
568 4
569 5
570 4
571 4
572 4
573 4
574 4
575 5
576 14
577 6
578 5
579 2
580 4
581 9
582 6
583 6
584 6
585 5
586 4
587 4
588 5
589 5
590 4
591 5
592 7
593 4
594 6
595 6
596 5
597 4
598 4
599 3
600 5
601 9
602 3
603 6
604 1
605 6
606 3
607 6
608 5
609 5
610 5
611 9
612 4
613 5
614 8
615 4
616 5
617 4
618 4
619 10
620 5
621 10
622 3
623 6
624 3
625 9
626 4
627 7
628 4
629 7
630 6
631 3
632 3
633 5
634 3
635 4
636 7
637 4
638 3
639 4
640 5
641 5
642 3
643 3
644 5
645 6
646 9
647 7
648 4
649 4
650 6
651 1
652 2
653 7
654 3
655 13
656 4
657 5
658 7
659 3
660 6
661 5
662 5
663 5
664 10
665 4
666 9
667 5
668 3
669 5
670 3
671 3
672 3
673 4
674 5
675 6
676 4
677 3
678 4
679 4
680 6
681 4
682 4
683 3
684 5
685 5
686 10
687 3
688 7
689 6
690 5
691 5
692 5
693 5
694 5
695 4
696 2
697 3
698 6
699 4
700 4
701 6
702 7
703 4
704 6
705 7
706 5
707 4
708 7
709 5
710 5
711 4
712 4
713 3
714 3
715 4
716 3
717 4
718 5
719 4
720 4
721 4
722 5
723 4
724 5
725 4
726 4
727 5
728 4
729 4
730 4
731 4
732 3
733 4
734 3
735 5
736 5
737 17
738 79
739 20
740 3
741 7
742 8
743 7
744 8
745 39
746 44
747 47
748 32
749 8
750 15
751 7
752 17
753 7
754 6
755 19
756 5
757 8
758 9
759 16
760 28
761 34
762 10
763 3
764 13
765 102
766 1
767 10
768 5
769 4
770 6
771 19
772 6
773 12
774 6
775 4
776 4
777 7
778 3
779 145
780 31
781 5
782 52
783 4
784 39
785 11
786 74
787 6
788 76
789 6
790 32
791 6
792 14
793 11
794 24
795 39
796 18
797 218
798 8
799 4
800 58
801 11
802 24
803 12
804 5
805 11
806 83
807 10
808 19
809 6
810 8
811 10
812 4
813 11
814 20
815 20
816 12
817 32
818 27
819 37
820 17
821 9
822 12
823 8
824 10
825 4
826 7
827 26
828 12
829 15
830 17
831 30
832 8
833 6
834 11
835 12
836 14
837 4
838 15
839 5
840 14
841 14
842 15
843 13
844 12
845 10
846 3
847 10
848 7
849 6
850 3
851 4
852 292
853 4
854 10
855 119
856 9
857 11
858 11
859 13
860 7
861 19
862 12
863 22
864 37
865 9
866 6
867 6
868 42
869 31
870 11
871 4
872 42
873 16
874 10
875 16
876 11
877 17
878 15
879 22
880 41
881 19
882 5
883 30
884 58
885 33
886 17
887 6
888 73
889 10
890 8
891 9
892 16
893 48
894 14
895 25
896 100
897 93
898 5
899 6
900 5
901 9
902 33
903 16
904 11
905 18
906 22
907 15
908 22
909 6
910 25
911 5
912 16
913 8
914 8
915 11
916 7
917 13
918 141
919 13
920 15
921 57
922 16
923 25
924 9
925 4
926 4
927 16
928 5
929 2
930 29
931 66
932 22
933 6
934 3
935 29
936 6
937 3
938 8
939 59
940 21
941 9
942 30
943 23
944 21
945 14
946 10
947 30
948 36
949 15
950 96
951 4
952 8
953 5
954 7
955 37
956 26
957 4
958 105
959 13
960 19
961 7
962 5
963 14
964 60
965 4
966 5
967 5
968 42
969 102
970 13
971 14
972 45
973 18
974 5
975 13
976 12
977 5
978 7
979 13
980 13
981 9
982 4
983 10
984 28
985 42
986 36
987 6
988 7
989 19
990 4
991 4
992 42
993 13
994 73
995 16
996 5
997 9
998 3
999 4
1000 8
1001 4
1002 131
1003 5
1004 16
1005 5
1006 17
1007 56
1008 2
1009 10
1010 8
1011 11
1012 97
1013 5
1014 12
1015 18
1016 4
1017 23
1018 18
1019 5
1020 3
1021 26
1022 11
1023 22
1024 13
1025 6
1026 9
1027 7
1028 4
1029 11
1030 7
1031 4
1032 5
1033 18
1034 4
1035 19
1036 8
1037 9
1038 6
1039 10
1040 9
1041 17
1042 15
1043 19
1044 25
1045 8
1046 8
1047 7
1048 4
1049 22
1050 14
1051 19
1052 45
1053 7
1054 20
1055 2
1056 4
1057 6
1058 32
1059 5
1060 11
1061 99
1062 73
1063 65
1064 123
1065 20
1066 3
1067 28
1068 13
1069 7
1070 14
1071 7
1072 49
1073 4
1074 4
1075 6
1076 13
1077 27
1078 29
1079 18
1080 16
1081 15
1082 7
1083 5
1084 50
1085 3
1086 7
1087 7
1088 6
1089 12
1090 3
1091 6
1092 12
1093 5
1094 7
1095 26
1096 25
1097 33
1098 28
1099 86
1100 35
1101 33
1102 17
1103 8
1104 23
1105 5
1106 14
1107 10
1108 34
1109 4
1110 6
1111 59
1112 39
1113 44
1114 12
1115 3
1116 51
1117 9
1118 5
1119 12
1120 9
1121 6
1122 8
1123 10
1124 91
1125 47
1126 25
1127 12
1128 66
1129 77
1130 34
1131 21
1132 4
1133 96
1134 11
1135 24
1136 34
1137 25
1138 4
1139 14
1140 22
1141 4
1142 35
1143 7
1144 19
1145 7
1146 26
1147 24
1148 5
1149 31
1150 14
1151 72
1152 6
1153 19
1154 39
1155 23
1156 144
1157 18
1158 12
1159 10
1160 41
1161 5
1162 9
1163 12
1164 58
1165 33
1166 24
1167 4
1168 45
1169 43
1170 112
1171 25
1172 16
1173 6
1174 5
1175 44
1176 46
1177 29
1178 37
1179 8
1180 3
1181 33
1182 9
1183 140
1184 5
1185 6
1186 3
1187 7
1188 7
1189 8
1190 91
1191 89
1192 80
1193 39
1194 5
1195 50
1196 45
1197 5
1198 76
1199 27
1200 31
1201 14
1202 6
1203 5
1204 9
1205 49
1206 15
1207 2
1208 10
1209 23
1210 15
1211 5
1212 12
1213 3
1214 55
1215 47
1216 7
1217 85
1218 8
1219 11
1220 10
1221 9
1222 5
1223 6
1224 12
1225 5
1226 7
1227 21
1228 5
1229 21
1230 14
1231 16
1232 15
1233 3
1234 7
1235 8
1236 6
1237 8
1238 6
1239 6
1240 7
1241 8
1242 6
1243 4
1244 8
1245 25
1246 38
1247 106
1248 21
1249 12
1250 35
1251 46
1252 25
1253 5
1254 61
1255 10
1256 20
1257 22
1258 19
1259 17
1260 31
1261 8
1262 3
1263 11
1264 12
1265 4
1266 61
1267 5
1268 6
1269 10
1270 6
1271 12
1272 2
1273 3
1274 10
1275 28
1276 7
1277 7
1278 7
1279 4
1280 12
1281 8
1282 6
1283 5
1284 13
1285 7
1286 12
1287 10
1288 4
1289 36
1290 35
1291 19
1292 148
1293 6
1294 11
1295 6
1296 28
1297 6
1298 24
1299 52
1300 15
1301 92
1302 15
1303 4
1304 18
1305 4
1306 14
1307 22
1308 17
1309 3
1310 31
1311 13
1312 7
1313 48
1314 8
1315 13
1316 59
1317 5
1318 55
1319 108
1320 11
1321 11
1322 5
1323 7
1324 18
1325 25
1326 39
1327 13
1328 41
1329 6
1330 40
1331 9
1332 8
1333 17
1334 4
1335 6
1336 33
1337 11
1338 32
1339 10
1340 14
1341 16
1342 71
1343 18
1344 19
1345 38
1346 91
1347 5
1348 9
1349 50
1350 26
1351 29
1352 18
1353 39
1354 11
1355 11
1356 3
1357 129
1358 18
1359 15
1360 11
1361 11
1362 29
1363 7
1364 16
1365 114
1366 9
1367 21
1368 10
1369 10
1370 7
1371 9
1372 15
1373 50
1374 3
1375 10
1376 5
1377 31
1378 4
1379 19
1380 3
1381 6
1382 9
1383 19
1384 4
1385 15
1386 4
1387 8
1388 14
1389 17
1390 2
1391 5
1392 34
1393 19
1394 89
1395 33
1396 6
1397 33
1398 8
1399 14
1400 4
1401 4
1402 7
1403 7
1404 4
1405 3
1406 24
1407 3
1408 7
1409 10
1410 50
1411 48
1412 3
1413 14
1414 15
1415 28
1416 10
1417 4
1418 5
1419 32
1420 11
1421 43
1422 12
1423 39
1424 5
1425 6
1426 3
1427 7
1428 4
1429 18
1430 15
1431 16
1432 54
1433 3
1434 14
1435 12
1436 25
1437 35
1438 15
1439 26
1440 9
1441 58
1442 8
1443 10
1444 20
1445 3
1446 3
1447 8
1448 6
1449 7
1450 11
1451 17
1452 16
1453 7
1454 11
1455 10
1456 10
1457 9
1458 10
1459 7
1460 3
1461 5
1462 4
1463 11
1464 50
1465 5
1466 7
1467 6
1468 8
1469 3
1470 6
1471 4
1472 10
1473 8
1474 6
1475 7
1476 7
1477 80
1478 16
1479 37
1480 76
1481 12
1482 8
1483 5
1484 107
1485 24
1486 56
1487 4
1488 14
1489 9
1490 9
1491 6
1492 6
1493 3
1494 6
1495 32
1496 5
1497 5
1498 9
1499 77
1500 2
1501 37
1502 3
1503 62
1504 9
1505 23
1506 8
1507 7
1508 6
1509 63
1510 6
1511 3
1512 13
1513 8
1514 3
1515 5
1516 5
1517 7
1518 19
1519 4
1520 13
1521 4
1522 5
1523 13
1524 6
1525 6
1526 4
1527 5
1528 8
1529 4
1530 5
1531 33
1532 6
1533 34
1534 11
1535 9
1536 4
1537 16
1538 8
1539 6
1540 6
1541 3
1542 6
1543 6
1544 5
1545 18
1546 15
1547 13
1548 14
1549 16
1550 12
1551 8
1552 6
1553 6
1554 5
1555 7
1556 4
1557 5
1558 5
1559 3
1560 5
1561 14
1562 51
1563 7
1564 4
1565 18
1566 11
1567 11
1568 5
1569 8
1570 5
1571 4
1572 18
1573 9
1574 4
1575 3
1576 6
1577 14
1578 6
1579 11
1580 32
1581 30
1582 13
1583 12
1584 68
1585 21
1586 4
1587 53
1588 6
1589 8
1590 12
1591 7
1592 15
1593 8
1594 4
1595 3
1596 6
1597 12
1598 11
1599 23
1600 56
1601 4
1602 7
1603 7
1604 12
1605 28
1606 7
1607 73
1608 70
1609 4
1610 5
1611 22
1612 50
1613 5
1614 12
1615 6
1616 15
1617 6
1618 24
1619 22
1620 9
1621 6
1622 5
1623 7
1624 8
1625 2
1626 11
1627 5
1628 2
1629 6
1630 4
1631 56
1632 6
1633 7
1634 12
1635 11
1636 5
1637 47
1638 13
1639 9
1640 27
1641 25
1642 12
1643 5
1644 16
1645 7
1646 3
1647 38
1648 14
1649 19
1650 5
1651 26
1652 5
1653 4
1654 8
1655 31
1656 10
1657 31
1658 11
1659 11
1660 6
1661 4
1662 16
1663 6
1664 4
1665 9
1666 18
1667 5
1668 31
1669 11
1670 5
1671 4
1672 9
1673 10
1674 20
1675 17
1676 17
1677 13
1678 108
1679 23
1680 7
1681 48
1682 45
1683 5
1684 15
1685 17
1686 5
1687 5
1688 4
1689 5
1690 11
1691 7
1692 6
1693 5
1694 11
1695 22
1696 14
1697 5
1698 12
1699 25
1700 24
1701 6
1702 58
1703 21
1704 11
1705 8
1706 5
1707 4
1708 6
1709 11
1710 7
1711 5
1712 5
1713 5
1714 5
1715 8
1716 12
1717 22
1718 111
1719 10
1720 15
1721 31
1722 22
1723 4
1724 21
1725 46
1726 4
1727 10
1728 109
1729 5
1730 16
1731 41
1732 5
1733 16
1734 4
1735 5
1736 5
1737 33
1738 6
1739 4
1740 49
1741 10
1742 6
1743 5
1744 13
1745 13
1746 82
1747 2
1748 14
1749 6
1750 11
1751 13
1752 25
1753 4
1754 12
1755 5
1756 12
1757 6
1758 8
1759 3
1760 36
1761 9
1762 28
1763 11
1764 19
1765 6
1766 6
1767 10
1768 12
1769 19
1770 5
1771 3
1772 6
1773 17
1774 6
1775 11
1776 11
1777 23
1778 9
1779 6
1780 9
1781 12
1782 22
1783 4
1784 16
1785 5
1786 15
1787 8
1788 4
1789 23
1790 7
1791 6
1792 9
1793 20
1794 6
1795 15
1796 3
1797 50
1798 8
1799 20
1800 4
1801 27
1802 5
1803 10
1804 19
1805 9
1806 15
1807 5
1808 8
1809 68
1810 31
1811 13
1812 100
1813 4
1814 3
1815 12
1816 30
1817 11
1818 6
1819 37
1820 12
1821 37
1822 15
1823 50
1824 6
1825 6
1826 18
1827 67
1828 7
1829 20
1830 4
1831 5
1832 13
1833 6
1834 7
1835 4
1836 10
1837 20
1838 12
1839 28
1840 15
1841 10
1842 13
1843 4
1844 3
1845 5
1846 24
1847 7
1848 2
1849 6
1850 20
1851 7
1852 28
1853 9
1854 7
1855 4
1856 5
1857 17
1858 15
1859 10
1860 40
1861 40
1862 79
1863 16
1864 26
1865 6
1866 43
1867 6
1868 5
1869 4
1870 25
1871 61
1872 7
1873 53
1874 18
1875 23
1876 8
1877 4
1878 6
1879 5
1880 5
1881 22
1882 3
1883 9
1884 8
1885 4
1886 7
1887 13
1888 6
1889 6
1890 17
1891 6
1892 7
1893 4
1894 5
1895 7
1896 11
1897 15
1898 4
1899 20
1900 21
1901 12
1902 4
1903 9
1904 5
1905 4
1906 13
1907 8
1908 22
1909 12
1910 63
1911 31
1912 3
1913 57
1914 35
1915 31
1916 1
1917 22
1918 17
1919 33
1920 16
1921 10
1922 20
1923 5
1924 23
1925 13
1926 10
1927 4
1928 13
1929 4
1930 26
1931 11
1932 57
1933 15
1934 12
1935 8
1936 26
1937 6
1938 39
1939 64
1940 6
1941 11
1942 7
1943 41
1944 9
1945 7
1946 53
1947 13
1948 13
1949 27
1950 23
1951 6
1952 12
1953 7
1954 21
1955 10
1956 14
1957 6
1958 25
1959 4
1960 2
1961 5
1962 59
1963 5
1964 4
1965 10
1966 8
1967 57
1968 4
1969 6
1970 6
1971 3
1972 5
1973 13
1974 19
1975 4
1976 43
1977 5
1978 4
1979 3
1980 16
1981 3
1982 2
1983 40
1984 3
1985 5
1986 9
1987 6
1988 9
1989 7
1990 16
1991 22
1992 5
1993 10
1994 6
1995 27
1996 5
1997 10
1998 11
1999 7
2000 13
2001 10
2002 16
2003 12
2004 13
2005 9
2006 13
2007 28
2008 7
2009 3
2010 6
2011 7
2012 4
2013 7
2014 4
2015 4
2016 4
2017 6
2018 7
2019 5
2020 10
2021 7
2022 7
2023 16
2024 4
2025 5
2026 5
2027 5
2028 3
2029 5
2030 27
2031 23
2032 7
2033 10
2034 2
2035 65
2036 12
2037 4
2038 4
2039 5
2040 37
2041 18
2042 5
2043 56
2044 6
2045 30
2046 42
2047 18
2048 5
2049 9
2050 83
2051 59
2052 4
2053 6
2054 7
2055 5
2056 7
2057 12
2058 4
2059 4
2060 4
2061 5
2062 8
2063 6
2064 3
2065 73
2066 7
2067 9
2068 9
2069 94
2070 30
2071 12
2072 14
2073 6
2074 18
2075 12
2076 7
2077 10
2078 12
2079 13
2080 4
2081 22
2082 6
2083 4
2084 13
2085 4
2086 33
2087 8
2088 8
2089 5
2090 4
2091 8
2092 8
2093 72
2094 11
2095 25
2096 16
2097 10
2098 16
2099 4
2100 5
2101 8
2102 6
2103 4
2104 4
2105 10
2106 4
2107 67
2108 52
2109 21
2110 16
2111 6
2112 17
2113 6
2114 5
2115 13
2116 6
2117 3
2118 8
2119 10
2120 13
2121 22
2122 14
2123 25
2124 17
2125 12
2126 3
2127 12
2128 9
2129 8
2130 10
2131 15
2132 10
2133 8
2134 17
2135 3
2136 8
2137 11
2138 13
2139 13
2140 20
2141 5
2142 6
2143 7
2144 15
2145 8
2146 8
2147 4
2148 18
2149 10
2150 25
2151 4
2152 4
2153 12
2154 1
2155 23
2156 12
2157 8
2158 6
2159 5
2160 24
2161 10
2162 14
2163 24
2164 5
2165 26
2166 11
2167 18
2168 22
2169 6
2170 2
2171 8
2172 20
2173 5
2174 6
2175 15
2176 45
2177 24
2178 5
2179 6
2180 29
2181 4
2182 6
2183 3
2184 25
2185 16
2186 3
2187 3
2188 6
2189 23
2190 32
2191 18
2192 12
2193 26
2194 24
2195 14
2196 10
2197 8
2198 5
2199 7
2200 6
2201 48
2202 9
2203 10
2204 2
2205 4
2206 2
2207 6
2208 6
2209 82
2210 17
2211 16
2212 12
2213 5
2214 47
2215 35
2216 9
2217 16
2218 13
2219 8
2220 12
2221 5
2222 5
2223 4
2224 13
2225 6
2226 15
2227 36
2228 5
2229 7
2230 17
2231 21
2232 7
2233 6
2234 5
2235 8
2236 35
2237 7
2238 14
2239 14
2240 8
2241 14
2242 6
2243 4
2244 7
2245 2
2246 4
2247 5
2248 4
2249 8
2250 5
2251 5
2252 7
2253 5
2254 5
2255 9
2256 10
2257 10
2258 8
2259 9
2260 6
2261 8
2262 19
2263 5
2264 29
2265 5
2266 27
2267 5
2268 3
2269 5
2270 10
2271 7
2272 50
2273 12
2274 18
2275 15
2276 6
2277 16
2278 8
2279 12
2280 67
2281 5
2282 6
2283 18
2284 5
2285 7
2286 16
2287 41
2288 4
2289 5
2290 57
2291 5
2292 19
2293 40
2294 5
2295 8
2296 3
2297 11
2298 24
2299 4
2300 4
2301 5
2302 28
2303 3
2304 3
2305 3
2306 5
2307 7
2308 44
2309 10
2310 2
2311 12
2312 8
2313 12
2314 11
2315 9
2316 6
2317 6
2318 6
2319 11
2320 29
2321 13
2322 51
2323 26
2324 5
2325 4
2326 6
2327 29
2328 7
2329 22
2330 4
2331 15
2332 4
2333 15
2334 4
2335 6
2336 9
2337 7
2338 4
2339 3
2340 16
2341 7
2342 5
2343 9
2344 6
2345 7
2346 17
2347 9
2348 5
2349 15
2350 28
2351 20
2352 18
2353 11
2354 16
2355 12
2356 16
2357 12
2358 8
2359 12
2360 13
2361 5
2362 14
2363 5
2364 70
2365 70
2366 26
2367 22
2368 7
2369 3
2370 5
2371 48
2372 17
2373 14
2374 8
2375 10
2376 5
2377 33
2378 7
2379 5
2380 19
2381 4
2382 8
2383 4
2384 27
2385 7
2386 30
2387 5
2388 6
2389 11
2390 5
2391 13
2392 5
2393 19
2394 4
2395 25
2396 8
2397 23
2398 52
2399 5
2400 12
2401 16
2402 9
2403 15
2404 5
2405 4
2406 9
2407 11
2408 8
2409 5
2410 5
2411 8
2412 5
2413 11
2414 5
2415 22
2416 2
2417 3
2418 17
2419 11
2420 20
2421 15
2422 4
2423 8
2424 5
2425 24
2426 35
2427 7
2428 12
2429 3
2430 26
2431 6
2432 10
2433 4
2434 11
2435 6
2436 22
2437 14
2438 22
2439 33
2440 13
2441 7
2442 21
2443 11
2444 4
2445 17
2446 21
2447 11
2448 5
2449 7
2450 5
2451 4
2452 4
2453 7
2454 57
2455 26
2456 10
2457 24
2458 12
2459 12
2460 4
2461 4
2462 14
2463 74
2464 22
2465 18
2466 4
2467 8
2468 4
2469 6
2470 4
2471 22
2472 7
2473 19
2474 30
2475 9
2476 19
2477 4
2478 7
2479 3
2480 25
2481 76
2482 5
2483 23
2484 9
2485 90
2486 5
2487 6
2488 18
2489 7
2490 8
2491 12
2492 16
2493 13
2494 5
2495 6
2496 17
2497 8
2498 26
2499 7
2500 6
2501 15
2502 20
2503 12
2504 5
2505 12
2506 7
2507 8
2508 42
2509 3
2510 5
2511 7
2512 21
2513 7
2514 12
2515 10
2516 2
2517 33
2518 4
2519 23
2520 5
2521 7
2522 15
2523 11
2524 16
2525 15
2526 31
2527 25
2528 24
2529 10
2530 12
2531 8
2532 19
2533 63
2534 55
2535 5
2536 8
2537 11
2538 12
2539 6
2540 4
2541 5
2542 27
2543 36
2544 10
2545 12
2546 7
2547 11
2548 4
2549 9
2550 24
2551 84
2552 38
2553 5
2554 56
2555 4
2556 18
2557 8
2558 56
2559 25
2560 5
2561 4
2562 14
2563 7
2564 7
2565 5
2566 2
2567 8
2568 30
2569 22
2570 4
2571 29
2572 5
2573 8
2574 5
2575 7
2576 6
2577 7
2578 3
2579 16
2580 10
2581 8
2582 9
2583 18
2584 6
2585 7
2586 9
2587 5
2588 48
2589 5
2590 5
2591 18
2592 16
2593 4
2594 15
2595 30
2596 9
2597 7
2598 7
2599 15
2600 3
2601 8
2602 6
2603 5
2604 8
2605 11
2606 25
2607 6
2608 10
2609 4
2610 9
2611 43
2612 4
2613 29
2614 17
2615 38
2616 36
2617 14
2618 7
2619 17
2620 11
2621 6
2622 8
2623 6
2624 14
2625 3
2626 15
2627 41
2628 8
2629 7
2630 7
2631 45
2632 30
2633 4
2634 18
2635 4
2636 17
2637 9
2638 9
2639 17
2640 7
2641 5
2642 8
2643 7
2644 2
2645 4
2646 6
2647 9
2648 8
2649 5
2650 5
2651 11
2652 4
2653 5
2654 4
2655 4
2656 26
2657 3
2658 3
2659 5
2660 24
2661 13
2662 4
2663 5
2664 22
2665 9
2666 66
2667 5
2668 6
2669 15
2670 7
2671 3
2672 6
2673 4
2674 4
2675 9
2676 11
2677 3
2678 14
2679 44
2680 16
2681 5
2682 9
2683 8
2684 12
2685 4
2686 5
2687 10
2688 4
2689 8
2690 13
2691 10
2692 18
2693 7
2694 5
2695 8
2696 6
2697 4
2698 12
2699 4
2700 56
2701 16
2702 60
2703 17
2704 5
2705 4
2706 21
2707 3
2708 11
2709 7
2710 5
2711 7
2712 11
2713 11
2714 26
2715 7
2716 6
2717 2
2718 16
2719 17
2720 7
2721 5
2722 14
2723 6
2724 4
2725 6
2726 9
2727 11
2728 3
2729 12
2730 4
2731 22
2732 4
2733 8
2734 28
2735 20
2736 5
2737 6
2738 7
2739 10
2740 5
2741 4
2742 23
2743 15
2744 21
2745 6
2746 9
2747 4
2748 25
2749 28
2750 52
2751 2
2752 20
2753 5
2754 7
2755 26
2756 21
2757 7
2758 5
2759 5
2760 66
2761 24
2762 14
2763 3
2764 15
2765 9
2766 3
2767 6
2768 26
2769 3
2770 12
2771 27
2772 15
2773 18
2774 13
2775 3
2776 5
2777 24
2778 18
2779 2
2780 40
2781 3
2782 5
2783 28
2784 18
2785 6
2786 8
2787 8
2788 9
2789 22
2790 3
2791 11
2792 38
2793 4
2794 13
2795 30
2796 4
2797 8
2798 5
2799 44
2800 39
2801 7
2802 10
2803 7
2804 19
2805 6
2806 7
2807 11
2808 20
2809 4
2810 6
2811 4
2812 14
2813 12
2814 6
2815 6
2816 5
2817 25
2818 10
2819 7
2820 29
2821 6
2822 4
2823 5
2824 9
2825 16
2826 5
2827 5
2828 5
2829 15
2830 51
2831 6
2832 25
2833 4
2834 6
2835 7
2836 10
2837 28
2838 5
2839 6
2840 3
2841 5
2842 8
2843 5
2844 6
2845 6
2846 6
2847 4
2848 5
2849 22
2850 17
2851 13
2852 18
2853 10
2854 12
2855 4
2856 12
2857 5
2858 7
2859 9
2860 8
2861 7
2862 12
2863 12
2864 41
2865 5
2866 27
2867 6
2868 23
2869 6
2870 35
2871 4
2872 5
2873 16
2874 12
2875 12
2876 9
2877 6
2878 7
2879 9
2880 9
2881 19
2882 5
2883 15
2884 24
2885 14
2886 8
2887 5
2888 6
2889 20
2890 19
2891 25
2892 29
2893 19
2894 10
2895 15
2896 8
2897 22
2898 12
2899 4
2900 21
2901 10
2902 16
2903 7
2904 33
2905 4
2906 30
2907 4
2908 9
2909 32
2910 5
2911 12
2912 7
2913 14
2914 25
2915 9
2916 13
2917 13
2918 7
2919 7
2920 4
2921 18
2922 11
2923 7
2924 8
2925 5
2926 5
2927 27
2928 14
2929 9
2930 5
2931 14
2932 17
2933 4
2934 5
2935 6
2936 7
2937 5
2938 10
2939 5
2940 8
2941 36
2942 20
2943 18
2944 27
2945 33
2946 24
2947 3
2948 7
2949 19
2950 34
2951 8
2952 7
2953 3
2954 6
2955 5
2956 6
2957 9
2958 20
2959 4
2960 14
2961 8
2962 6
2963 9
2964 10
2965 10
2966 34
2967 5
2968 8
2969 4
2970 13
2971 8
2972 3
2973 3
2974 11
2975 4
2976 4
2977 18
2978 8
2979 5
2980 17
2981 11
2982 6
2983 8
2984 3
2985 14
2986 4
2987 13
2988 3
2989 6
2990 5
2991 8
2992 13
2993 7
2994 5
2995 3
2996 6
2997 9
2998 9
2999 9
3000 4
3001 4
3002 11
3003 18
3004 8
3005 9
3006 7
3007 29
3008 22
3009 9
3010 23
3011 8
3012 3
3013 5
3014 9
3015 31
3016 3
3017 8
3018 7
3019 7
3020 6
3021 3
3022 11
3023 8
3024 10
3025 4
3026 6
3027 54
3028 3
3029 5
3030 4
3031 18
3032 34
3033 11
3034 16
3035 6
3036 19
3037 5
3038 26
3039 4
3040 5
3041 6
3042 5
3043 47
3044 8
3045 15
3046 6
3047 5
3048 9
3049 19
3050 4
3051 7
3052 17
3053 7
3054 7
3055 5
3056 9
3057 3
3058 42
3059 4
3060 4
3061 57
3062 9
3063 4
3064 10
3065 12
3066 7
3067 8
3068 7
3069 4
3070 3
3071 6
3072 5
3073 3
3074 5
3075 7
3076 4
3077 20
3078 34
3079 10
3080 6
3081 9
3082 10
3083 14
3084 5
3085 3
3086 7
3087 5
3088 4
3089 6
3090 35
3091 6
3092 5
3093 10
3094 9
3095 11
3096 9
3097 12
3098 15
3099 7
3100 5
3101 6
3102 9
3103 13
3104 5
3105 11
3106 5
3107 16
3108 15
3109 7
3110 13
3111 6
3112 12
3113 4
3114 17
3115 8
3116 8
3117 5
3118 8
3119 21
3120 7
3121 25
3122 20
3123 21
3124 6
3125 8
3126 3
3127 9
3128 18
3129 10
3130 5
3131 7
3132 3
3133 10
3134 14
3135 8
3136 6
3137 5
3138 16
3139 15
3140 4
3141 5
3142 16
3143 15
3144 6
3145 7
3146 4
3147 5
3148 4
3149 4
3150 5
3151 8
3152 13
3153 7
3154 7
3155 6
3156 5
3157 5
3158 7
3159 5
3160 6
3161 10
3162 5
3163 20
3164 3
3165 11
3166 10
3167 17
3168 5
3169 10
3170 5
3171 5
3172 13
3173 8
3174 5
3175 8
3176 8
3177 9
3178 9
3179 3
3180 36
3181 6
3182 6
3183 8
3184 8
3185 8
3186 19
3187 8
3188 11
3189 6
3190 31
3191 22
3192 6
3193 9
3194 8
3195 10
3196 3
3197 11
3198 5
3199 11
3200 8
3201 17
3202 6
3203 4
3204 5
3205 36
3206 5
3207 13
3208 17
3209 13
3210 6
3211 13
3212 30
3213 4
3214 50
3215 17
3216 10
3217 8
3218 10
3219 9
3220 4
3221 16
3222 23
3223 7
3224 7
3225 6
3226 13
3227 3
3228 45
3229 2
3230 8
3231 20
3232 6
3233 11
3234 4
3235 6
3236 8
3237 6
3238 5
3239 5
3240 5
3241 4
3242 5
3243 12
3244 5
3245 10
3246 3
3247 5
3248 5
3249 4
3250 4
3251 16
3252 9
3253 11
3254 13
3255 10
3256 12
3257 13
3258 8
3259 8
3260 9
3261 6
3262 8
3263 12
3264 4
3265 14
3266 15
3267 6
3268 12
3269 8
3270 11
3271 16
3272 5
3273 6
3274 5
3275 4
3276 4
3277 4
3278 14
3279 5
3280 5
3281 6
3282 16
3283 7
3284 6
3285 7
3286 6
3287 3
3288 13
3289 12
3290 2
3291 12
3292 2
3293 5
3294 11
3295 5
3296 9
3297 22
3298 15
3299 6
3300 6
3301 9
3302 17
3303 3
3304 13
3305 10
3306 5
3307 5
3308 6
3309 5
3310 8
3311 24
3312 10
3313 20
3314 8
3315 46
3316 10
3317 11
3318 8
3319 22
3320 22
3321 7
3322 7
3323 7
3324 6
3325 6
3326 5
3327 7
3328 28
3329 17
3330 27
3331 10
3332 12
3333 30
3334 6
3335 7
3336 3
3337 28
3338 5
3339 9
3340 15
3341 3
3342 9
3343 7
3344 27
3345 5
3346 5
3347 10
3348 5
3349 5
3350 11
3351 8
3352 7
3353 5
3354 7
3355 12
3356 14
3357 8
3358 9
3359 4
3360 24
3361 7
3362 6
3363 7
3364 3
3365 13
3366 7
3367 9
3368 10
3369 3
3370 6
3371 5
3372 36
3373 14
3374 5
3375 5
3376 21
3377 12
3378 8
3379 5
3380 21
3381 6
3382 25
3383 6
3384 5
3385 4
3386 6
3387 12
3388 6
3389 5
3390 4
3391 6
3392 4
3393 8
3394 8
3395 3
3396 4
3397 3
3398 5
3399 6
3400 5
3401 16
3402 3
3403 8
3404 5
3405 17
3406 15
3407 32
3408 5
3409 5
3410 8
3411 3
3412 3
3413 7
3414 11
3415 17
3416 5
3417 7
3418 7
3419 6
3420 5
3421 5
3422 9
3423 6
3424 7
3425 11
3426 4
3427 6
3428 6
3429 16
3430 8
3431 23
3432 20
3433 5
3434 2
3435 4
3436 4
3437 10
3438 5
3439 6
3440 12
3441 27
3442 10
3443 3
3444 11
3445 5
3446 12
3447 3
3448 7
3449 11
3450 7
3451 14
3452 4
3453 4
3454 10
3455 9
3456 6
3457 8
3458 3
3459 7
3460 14
3461 18
3462 3
3463 11
3464 10
3465 11
3466 8
3467 9
3468 5
3469 10
3470 10
3471 4
3472 38
3473 4
3474 14
3475 15
3476 12
3477 8
3478 7
3479 15
3480 7
3481 4
3482 7
3483 7
3484 18
3485 8
3486 9
3487 7
3488 43
3489 6
3490 6
3491 4
3492 3
3493 7
3494 7
3495 8
3496 6
3497 4
3498 6
3499 9
3500 6
3501 5
3502 15
3503 9
3504 3
3505 7
3506 4
3507 7
3508 9
3509 4
3510 4
3511 8
3512 2
3513 5
3514 7
3515 4
3516 5
3517 10
3518 8
3519 6
3520 6
3521 7
3522 10
3523 12
3524 11
3525 8
3526 18
3527 9
3528 4
3529 3
3530 4
3531 7
3532 4
3533 7
3534 5
3535 5
3536 4
3537 8
3538 5
3539 13
3540 19
3541 9
3542 6
3543 6
3544 4
3545 7
3546 5
3547 7
3548 4
3549 5
3550 5
3551 4
3552 12
3553 5
3554 23
3555 6
3556 6
3557 7
3558 5
3559 4
3560 69
3561 6
3562 5
3563 5
3564 5
3565 6
3566 5
3567 4
3568 17
3569 4
3570 4
3571 3
3572 4
3573 11
3574 8
3575 4
3576 7
3577 2
3578 10
3579 4
3580 5
3581 15
3582 6
3583 17
3584 5
3585 8
3586 7
3587 10
3588 11
3589 9
3590 6
3591 7
3592 14
3593 5
3594 7
3595 33
3596 19
3597 13
3598 21
3599 3
3600 15
3601 5
3602 5
3603 5
3604 6
3605 5
3606 14
3607 7
3608 4
3609 5
3610 4
3611 8
3612 8
3613 6
3614 5
3615 6
3616 7
3617 9
3618 6
3619 9
3620 5
3621 3
3622 17
3623 14
3624 10
3625 7
3626 13
3627 10
3628 18
3629 5
3630 6
3631 7
3632 16
3633 6
3634 4
3635 23
3636 5
3637 14
3638 4
3639 7
3640 8
3641 7
3642 6
3643 6
3644 11
3645 6
3646 7
3647 9
3648 23
3649 30
3650 4
3651 5
3652 13
3653 11
3654 6
3655 4
3656 8
3657 8
3658 5
3659 7
3660 17
3661 13
3662 5
3663 49
3664 7
3665 11
3666 5
3667 23
3668 9
3669 6
3670 6
3671 20
3672 4
3673 19
3674 7
3675 6
3676 5
3677 13
3678 11
3679 6
3680 2
3681 10
3682 10
3683 15
3684 6
3685 5
3686 20
3687 23
3688 4
3689 12
3690 8
3691 8
3692 2
3693 6
3694 14
3695 4
3696 4
3697 6
3698 4
3699 3
3700 3
3701 9
3702 6
3703 4
3704 8
3705 9
3706 3
3707 4
3708 9
3709 8
3710 16
3711 14
3712 3
3713 9
3714 11
3715 7
3716 5
3717 6
3718 4
3719 8
3720 7
3721 35
3722 4
3723 8
3724 2
3725 10
3726 4
3727 5
3728 11
3729 8
3730 10
3731 6
3732 4
3733 12
3734 13
3735 5
3736 10
3737 9
3738 5
3739 3
3740 5
3741 7
3742 6
3743 7
3744 15
3745 3
3746 10
3747 4
3748 7
3749 5
3750 11
3751 10
3752 5
3753 7
3754 5
3755 13
3756 25
3757 10
3758 5
3759 3
3760 7
3761 5
3762 6
3763 19
3764 9
3765 5
3766 3
3767 5
3768 18
3769 13
3770 4
3771 15
3772 11
3773 8
3774 5
3775 4
3776 5
3777 7
3778 9
3779 14
3780 8
3781 12
3782 33
3783 32
3784 30
3785 7
3786 36
3787 36
3788 16
3789 4
3790 36
3791 5
3792 3
3793 7
3794 4
3795 15
3796 24
3797 5
3798 10
3799 11
3800 4
3801 7
3802 5
3803 9
3804 12
3805 4
3806 6
3807 5
3808 5
3809 5
3810 6
3811 4
3812 6
3813 4
3814 3
3815 8
3816 7
3817 7
3818 2
3819 6
3820 6
3821 6
3822 11
3823 4
3824 4
3825 35
3826 6
3827 14
3828 6
3829 6
3830 8
3831 4
3832 15
3833 14
3834 13
3835 5
3836 7
3837 7
3838 3
3839 3
3840 5
3841 5
3842 8
3843 8
3844 11
3845 31
3846 11
3847 1
3848 5
3849 4
3850 8
3851 10
3852 4
3853 11
3854 10
3855 5
3856 15
3857 32
3858 3
3859 12
3860 13
3861 22
3862 12
3863 12
3864 16
3865 4
3866 4
3867 5
3868 7
3869 11
3870 21
3871 12
3872 14
3873 12
3874 3
3875 23
3876 22
3877 3
3878 14
3879 5
3880 41
3881 11
3882 12
3883 4
3884 15
3885 7
3886 25
3887 9
3888 5
3889 10
3890 4
3891 15
3892 7
3893 10
3894 37
3895 22
3896 7
3897 15
3898 3
3899 6
3900 4
3901 17
3902 6
3903 3
3904 5
3905 15
3906 9
3907 6
3908 1
3909 4
3910 14
3911 3
3912 7
3913 3
3914 6
3915 11
3916 38
3917 10
3918 11
3919 10
3920 6
3921 6
3922 6
3923 9
3924 10
3925 7
3926 7
3927 5
3928 7
3929 4
3930 13
3931 6
3932 18
3933 20
3934 10
3935 8
3936 4
3937 5
3938 8
3939 6
3940 9
3941 13
3942 8
3943 5
3944 4
3945 6
3946 9
3947 13
3948 11
3949 5
3950 9
3951 8
3952 10
3953 8
3954 14
3955 4
3956 7
3957 3
3958 7
3959 4
3960 4
3961 3
3962 5
3963 49
3964 10
3965 10
3966 7
3967 13
3968 12
3969 12
3970 7
3971 5
3972 6
3973 7
3974 7
3975 6
3976 13
3977 5
3978 8
3979 7
3980 4
3981 6
3982 10
3983 11
3984 15
3985 6
3986 4
3987 5
3988 6
3989 14
3990 3
3991 8
3992 5
3993 7
3994 12
3995 13
3996 7
3997 9
3998 14
3999 18
4000 4
4001 24
4002 6
4003 5
4004 5
4005 6
4006 9
4007 7
4008 37
4009 27
4010 7
4011 3
4012 11
4013 10
4014 18
4015 17
4016 9
4017 10
4018 10
4019 5
4020 20
4021 22
4022 5
4023 13
4024 7
4025 11
4026 34
4027 44
4028 9
4029 23
4030 12
4031 11
4032 5
4033 15
4034 37
4035 14
4036 31
4037 17
4038 5
4039 6
4040 18
4041 19
4042 12
4043 9
4044 6
4045 6
4046 14
4047 13
4048 7
4049 9
4050 5
4051 14
4052 16
4053 5
4054 3
4055 9
4056 6
4057 9
4058 3
4059 6
4060 9
4061 5
4062 5
4063 6
4064 12
4065 10
4066 8
4067 8
4068 11
4069 8
4070 9
4071 33
4072 4
4073 11
4074 31
4075 32
4076 9
4077 6
4078 13
4079 5
4080 7
4081 4
4082 9
4083 3
4084 5
4085 18
4086 6
4087 3
4088 5
4089 29
4090 12
4091 4
4092 6
4093 9
4094 20
4095 8
4096 19
4097 7
4098 7
4099 6
4100 9
4101 6
4102 13
4103 3
4104 8
4105 24
4106 13
4107 5
4108 11
4109 20
4110 6
4111 6
4112 4
4113 8
4114 10
4115 8
4116 9
4117 13
4118 7
4119 12
4120 4
4121 10
4122 4
4123 6
4124 4
4125 7
4126 6
4127 6
4128 5
4129 14
4130 2
4131 6
4132 4
4133 4
4134 4
4135 5
4136 7
4137 5
4138 4
4139 15
4140 11
4141 5
4142 5
4143 6
4144 19
4145 17
4146 9
4147 22
4148 11
4149 9
4150 7
4151 24
4152 4
4153 9
4154 8
4155 4
4156 8
4157 4
4158 5
4159 1
4160 14
4161 5
4162 11
4163 14
4164 5
4165 13
4166 6
4167 8
4168 18
4169 19
4170 12
4171 19
4172 10
4173 15
4174 6
4175 15
4176 40
4177 7
4178 4
4179 13
4180 48
4181 10
4182 15
4183 8
4184 7
4185 5
4186 6
4187 3
4188 21
4189 3
4190 6
4191 8
4192 9
4193 5
4194 10
4195 9
4196 13
4197 13
4198 5
4199 4
4200 3
4201 17
4202 7
4203 6
4204 13
4205 7
4206 7
4207 8
4208 6
4209 6
4210 4
4211 6
4212 3
4213 10
4214 9
4215 3
4216 2
4217 12
4218 8
4219 6
4220 35
4221 30
4222 4
4223 7
4224 15
4225 10
4226 12
4227 19
4228 5
4229 6
4230 30
4231 7
4232 12
4233 6
4234 12
4235 36
4236 8
4237 49
4238 4
4239 4
4240 26
4241 8
4242 8
4243 5
4244 5
4245 7
4246 10
4247 31
4248 8
4249 10
4250 3
4251 5
4252 4
4253 19
4254 5
4255 5
4256 5
4257 31
4258 4
4259 6
4260 18
4261 4
4262 4
4263 5
4264 23
4265 13
4266 22
4267 12
4268 22
4269 11
4270 8
4271 4
4272 7
4273 26
4274 4
4275 14
4276 18
4277 5
4278 4
4279 27
4280 27
4281 18
4282 9
4283 6
4284 7
4285 5
4286 10
4287 12
4288 7
4289 9
4290 11
4291 5
4292 6
4293 12
4294 8
4295 3
4296 4
4297 5
4298 5
4299 6
4300 3
4301 6
4302 4
4303 4
4304 4
4305 8
4306 7
4307 21
4308 4
4309 2
4310 4
4311 1
4312 15
4313 6
4314 15
4315 5
4316 33
4317 7
4318 8
4319 6
4320 14
4321 10
4322 7
4323 7
4324 6
4325 2
4326 8
4327 8
4328 26
4329 5
4330 12
4331 4
4332 6
4333 6
4334 12
4335 45
4336 5
4337 10
4338 20
4339 8
4340 4
4341 9
4342 19
4343 5
4344 4
4345 4
4346 29
4347 5
4348 21
4349 3
4350 4
4351 6
4352 18
4353 12
4354 6
4355 6
4356 15
4357 10
4358 4
4359 5
4360 6
4361 20
4362 9
4363 3
4364 5
4365 3
4366 4
4367 4
4368 4
4369 11
4370 3
4371 6
4372 7
4373 4
4374 9
4375 4
4376 12
4377 4
4378 6
4379 14
4380 11
4381 9
4382 11
4383 23
4384 5
4385 8
4386 1
4387 9
4388 6
4389 8
4390 6
4391 1
4392 5
4393 13
4394 6
4395 5
4396 5
4397 4
4398 5
4399 10
4400 9
4401 3
4402 13
4403 5
4404 16
4405 4
4406 6
4407 5
4408 4
4409 12
4410 6
4411 13
4412 8
4413 5
4414 9
4415 10
4416 12
4417 17
4418 12
4419 7
4420 5
4421 7
4422 6
4423 7
4424 3
4425 10
4426 5
4427 9
4428 8
4429 8
4430 9
4431 5
4432 5
4433 4
4434 7
4435 22
4436 4
4437 9
4438 9
4439 33
4440 5
4441 6
4442 8
4443 7
4444 7
4445 8
4446 6
4447 4
4448 33
4449 10
4450 5
4451 7
4452 22
4453 15
4454 22
4455 3
4456 3
4457 5
4458 6
4459 20
4460 7
4461 10
4462 6
4463 4
4464 19
4465 11
4466 5
4467 14
4468 7
4469 3
4470 6
4471 37
4472 8
4473 4
4474 6
4475 5
4476 4
4477 11
4478 7
4479 5
4480 19
4481 4
4482 26
4483 8
4484 6
4485 3
4486 6
4487 5
4488 6
4489 5
4490 6
4491 7
4492 3
4493 4
4494 11
4495 4
4496 6
4497 4
4498 8
4499 3
4500 8
4501 10
4502 14
4503 14
4504 4
4505 4
4506 5
4507 6
4508 5
4509 5
4510 7
4511 4
4512 5
4513 8
4514 6
4515 4
4516 3
4517 7
4518 5
4519 3
4520 4
4521 14
4522 19
4523 4
4524 8
4525 6
4526 5
4527 7
4528 5
4529 12
4530 5
4531 9
4532 11
4533 15
4534 7
4535 6
4536 2
4537 4
4538 1
4539 4
4540 7
4541 5
4542 9
4543 5
4544 4
4545 6
4546 4
4547 4
4548 7
4549 5
4550 4
4551 4
4552 11
4553 7
4554 7
4555 4
4556 10
4557 6
4558 5
4559 8
4560 3
4561 11
4562 4
4563 13
4564 43
4565 33
4566 13
4567 5
4568 5
4569 4
4570 17
4571 9
4572 3
4573 12
4574 8
4575 12
4576 8
4577 6
4578 4
4579 4
4580 4
4581 7
4582 4
4583 6
4584 6
4585 5
4586 5
4587 4
4588 3
4589 4
4590 6
4591 4
4592 3
4593 9
4594 5
4595 4
4596 3
4597 4
4598 16
4599 4
4600 7
4601 9
4602 8
4603 3
4604 7
4605 5
4606 12
4607 6
4608 8
4609 5
4610 5
4611 8
4612 5
4613 6
4614 2
4615 6
4616 12
4617 13
4618 5
4619 4
4620 4
4621 12
4622 8
4623 3
4624 20
4625 8
4626 6
4627 26
4628 5
4629 4
4630 5
4631 6
4632 5
4633 30
4634 10
4635 7
4636 4
4637 5
4638 4
4639 4
4640 11
4641 5
4642 3
4643 7
4644 10
4645 5
4646 16
4647 4
4648 5
4649 6
4650 7
4651 7
4652 4
4653 6
4654 6
4655 2
4656 4
4657 6
4658 7
4659 4
4660 3
4661 3
4662 5
4663 3
4664 5
4665 7
4666 6
4667 4
4668 4
4669 3
4670 9
4671 4
4672 5
4673 4
4674 3
4675 6
4676 11
4677 10
4678 8
4679 11
4680 5
4681 11
4682 12
4683 9
4684 5
4685 9
4686 11
4687 5
4688 9
4689 13
4690 7
4691 2
4692 5
4693 15
4694 12
4695 8
4696 8
4697 6
4698 9
4699 5
4700 16
4701 21
4702 11
4703 16
4704 10
4705 5
4706 5
4707 3
4708 8
4709 9
4710 6
4711 13
4712 4
4713 8
4714 5
4715 23
4716 6
4717 9
4718 10
4719 3
4720 8
4721 12
4722 4
4723 4
4724 5
4725 40
4726 12
4727 12
4728 7
4729 1
4730 14
4731 5
4732 3
4733 6
4734 5
4735 7
4736 8
4737 4
4738 10
4739 5
4740 5
4741 7
4742 5
4743 7
4744 16
4745 5
4746 5
4747 6
4748 8
4749 11
4750 8
4751 13
4752 5
4753 8
4754 8
4755 5
4756 5
4757 13
4758 11
4759 5
4760 16
4761 5
4762 9
4763 5
4764 5
4765 5
4766 6
4767 5
4768 20
4769 4
4770 6
4771 4
4772 5
4773 5
4774 8
4775 4
4776 17
4777 5
4778 5
4779 12
4780 18
4781 5
4782 23
4783 7
4784 12
4785 5
4786 5
4787 5
4788 6
4789 22
4790 5
4791 5
4792 1
4793 2
4794 4
4795 4
4796 3
4797 2
4798 4
4799 11
4800 4
4801 4
4802 3
4803 15
4804 7
4805 15
4806 7
4807 34
4808 5
4809 10
4810 7
4811 6
4812 5
4813 8
4814 5
4815 4
4816 10
4817 10
4818 7
4819 8
4820 6
4821 9
4822 6
4823 3
4824 6
4825 4
4826 6
4827 19
4828 5
4829 24
4830 9
4831 8
4832 7
4833 15
4834 17
4835 2
4836 5
4837 5
4838 9
4839 13
4840 6
4841 6
4842 9
4843 9
4844 7
4845 7
4846 10
4847 9
4848 8
4849 6
4850 5
4851 4
4852 18
4853 20
4854 5
4855 3
4856 14
4857 7
4858 5
4859 9
4860 6
4861 19
4862 9
4863 8
4864 6
4865 3
4866 16
4867 7
4868 13
4869 7
4870 21
4871 1
4872 15
4873 4
4874 3
4875 12
4876 11
4877 2
4878 5
4879 7
4880 12
4881 12
4882 6
4883 7
4884 19
4885 8
4886 9
4887 8
4888 4
4889 7
4890 8
4891 4
4892 4
4893 3
4894 5
4895 3
4896 6
4897 17
4898 17
4899 6
4900 5
4901 13
4902 40
4903 11
4904 12
4905 8
4906 8
4907 6
4908 11
4909 6
4910 7
4911 5
4912 7
4913 4
4914 3
4915 15
4916 24
4917 10
4918 4
4919 7
4920 10
4921 7
4922 11
4923 10
4924 11
4925 4
4926 6
4927 11
4928 4
4929 10
4930 10
4931 5
4932 6
4933 10
4934 39
4935 7
4936 33
4937 3
4938 7
4939 7
4940 11
4941 6
4942 3
4943 8
4944 5
4945 3
4946 6
4947 14
4948 5
4949 13
4950 10
4951 5
4952 5
4953 6
4954 4
4955 5
4956 21
4957 17
4958 6
4959 5
4960 5
4961 4
4962 9
4963 13
4964 6
4965 7
4966 7
4967 24
4968 14
4969 10
4970 5
4971 5
4972 20
4973 4
4974 24
4975 3
4976 6
4977 17
4978 6
4979 8
4980 4
4981 3
4982 5
4983 3
4984 6
4985 11
4986 14
4987 4
4988 4
4989 3
4990 30
4991 6
4992 8
4993 7
4994 8
4995 3
4996 5
4997 2
4998 9
4999 7
5000 3
5001 7
5002 8
5003 7
5004 3
5005 7
5006 4
5007 5
5008 10
5009 16
5010 7
5011 5
5012 5
5013 5
5014 6
5015 5
5016 4
5017 8
5018 3
5019 6
5020 6
5021 6
5022 4
5023 5
5024 8
5025 11
5026 6
5027 5
5028 10
5029 3
5030 10
5031 6
5032 5
5033 10
5034 5
5035 5
5036 7
5037 16
5038 30
5039 10
5040 9
5041 12
5042 7
5043 4
5044 4
5045 13
5046 5
5047 5
5048 8
5049 26
5050 3
5051 3
5052 4
5053 4
5054 14
5055 4
5056 17
5057 8
5058 8
5059 5
5060 6
5061 28
5062 8
5063 19
5064 5
5065 8
5066 11
5067 6
5068 20
5069 7
5070 17
5071 5
5072 4
5073 38
5074 21
5075 3
5076 4
5077 5
5078 21
5079 24
5080 7
5081 5
5082 4
5083 5
5084 6
5085 7
5086 5
5087 12
5088 4
5089 5
5090 6
5091 14
5092 4
5093 5
5094 14
5095 6
5096 6
5097 7
5098 15
5099 7
5100 9
5101 5
5102 5
5103 5
5104 8
5105 4
5106 6
5107 16
5108 9
5109 5
5110 7
5111 5
5112 4
5113 5
5114 5
5115 4
5116 8
5117 2
5118 6
5119 11
5120 6
5121 5
5122 20
5123 7
5124 13
5125 4
5126 7
5127 4
5128 4
5129 7
5130 5
5131 14
5132 11
5133 6
5134 4
5135 6
5136 5
5137 8
5138 5
5139 3
5140 14
5141 9
5142 5
5143 11
5144 15
5145 5
5146 3
5147 6
5148 28
5149 21
5150 16
5151 10
5152 7
5153 7
5154 6
5155 13
5156 14
5157 12
5158 5
5159 15
5160 5
5161 7
5162 5
5163 9
5164 7
5165 5
5166 4
5167 10
5168 3
5169 5
5170 4
5171 10
5172 10
5173 7
5174 6
5175 5
5176 7
5177 4
5178 10
5179 9
5180 4
5181 4
5182 5
5183 4
5184 5
5185 6
5186 4
5187 16
5188 4
5189 6
5190 5
5191 5
5192 6
5193 11
5194 8
5195 3
5196 15
5197 4
5198 8
5199 20
5200 4
5201 3
5202 10
5203 4
5204 10
5205 5
5206 6
5207 8
5208 13
5209 5
5210 5
5211 7
5212 5
5213 8
5214 7
5215 12
5216 7
5217 3
5218 4
5219 18
5220 5
5221 9
5222 6
5223 21
5224 19
5225 16
5226 20
5227 12
5228 4
5229 5
5230 15
5231 6
5232 20
5233 2
5234 12
5235 4
5236 9
5237 10
5238 7
5239 20
5240 23
5241 3
5242 7
5243 5
5244 19
5245 2
5246 5
5247 3
5248 5
5249 9
5250 4
5251 28
5252 4
5253 8
5254 7
5255 10
5256 3
5257 7
5258 5
5259 3
5260 6
5261 12
5262 3
5263 9
5264 54
5265 4
5266 4
5267 5
5268 12
5269 5
5270 4
5271 5
5272 6
5273 5
5274 5
5275 7
5276 4
5277 4
5278 6
5279 5
5280 5
5281 13
5282 26
5283 5
5284 12
5285 4
5286 5
5287 12
5288 3
5289 12
5290 8
5291 11
5292 4
5293 8
5294 6
5295 6
5296 3
5297 15
5298 4
5299 9
5300 3
5301 10
5302 4
5303 4
5304 6
5305 7
5306 16
5307 7
5308 5
5309 8
5310 6
5311 7
5312 4
5313 3
5314 9
5315 4
5316 18
5317 15
5318 24
5319 8
5320 7
5321 7
5322 4
5323 5
5324 6
5325 9
5326 7
5327 9
5328 8
5329 11
5330 4
5331 11
5332 4
5333 7
5334 13
5335 15
5336 15
5337 14
5338 22
5339 9
5340 6
5341 3
5342 6
5343 6
5344 3
5345 3
5346 8
5347 7
5348 9
5349 11
5350 15
5351 16
5352 6
5353 5
5354 7
5355 5
5356 12
5357 4
5358 6
5359 7
5360 6
5361 6
5362 15
5363 4
5364 6
5365 11
5366 16
5367 14
5368 16
5369 8
5370 4
5371 1
5372 8
5373 7
5374 5
5375 8
5376 5
5377 9
5378 7
5379 4
5380 10
5381 5
5382 8
5383 19
5384 5
5385 5
5386 1
5387 4
5388 4
5389 5
5390 5
5391 5
5392 3
5393 4
5394 6
5395 4
5396 4
5397 6
5398 11
5399 12
5400 8
5401 5
5402 10
5403 18
5404 6
5405 5
5406 5
5407 6
5408 4
5409 9
5410 12
5411 10
5412 7
5413 9
5414 5
5415 19
5416 14
5417 13
5418 36
5419 6
5420 5
5421 36
5422 4
5423 6
5424 8
5425 3
5426 6
5427 4
5428 7
5429 6
5430 12
5431 11
5432 6
5433 4
5434 5
5435 5
5436 10
5437 16
5438 7
5439 14
5440 15
5441 7
5442 9
5443 6
5444 5
5445 6
5446 2
5447 12
5448 15
5449 4
5450 3
5451 5
5452 4
5453 4
5454 11
5455 3
5456 19
5457 3
5458 5
5459 42
5460 13
5461 9
5462 8
5463 13
5464 9
5465 3
5466 11
5467 23
5468 12
5469 9
5470 4
5471 5
5472 35
5473 30
5474 4
5475 13
5476 12
5477 5
5478 7
5479 6
5480 6
5481 10
5482 6
5483 12
5484 14
5485 19
5486 11
5487 4
5488 3
5489 8
5490 10
5491 5
5492 4
5493 14
5494 3
5495 9
5496 9
5497 8
5498 6
5499 6
5500 11
5501 4
5502 19
5503 11
5504 5
5505 27
5506 25
5507 5
5508 4
5509 5
5510 8
5511 3
5512 4
5513 9
5514 5
5515 8
5516 4
5517 5
5518 6
5519 13
5520 7
5521 7
5522 3
5523 8
5524 9
5525 2
5526 4
5527 5
5528 4
5529 11
5530 18
5531 6
5532 5
5533 36
5534 9
5535 4
5536 6
5537 4
5538 9
5539 8
5540 4
5541 8
5542 16
5543 12
5544 10
5545 3
5546 22
5547 30
5548 5
5549 3
5550 4
5551 5
5552 7
5553 4
5554 1
5555 4
5556 9
5557 14
5558 3
5559 4
5560 6
5561 7
5562 19
5563 5
5564 3
5565 4
5566 4
5567 5
5568 7
5569 5
5570 6
5571 26
5572 14
5573 14
5574 3
5575 5
5576 6
5577 3
5578 28
5579 11
5580 3
5581 5
5582 5
5583 4
5584 6
5585 4
5586 1
5587 15
5588 8
5589 6
5590 13
5591 4
5592 8
5593 7
5594 21
5595 14
5596 11
5597 10
5598 7
5599 2
5600 4
5601 10
5602 4
5603 4
5604 12
5605 3
5606 28
5607 5
5608 9
5609 29
5610 25
5611 3
5612 9
5613 16
5614 14
5615 12
5616 3
5617 6
5618 4
5619 3
5620 5
5621 8
5622 17
5623 5
5624 5
5625 14
5626 5
5627 7
5628 3
5629 11
5630 5
5631 9
5632 5
5633 5
5634 6
5635 6
5636 5
5637 6
5638 3
5639 6
5640 8
5641 9
5642 5
5643 8
5644 11
5645 4
5646 6
5647 5
5648 4
5649 10
5650 4
5651 7
5652 4
5653 7
5654 10
5655 5
5656 10
5657 7
5658 6
5659 5
5660 28
5661 1
5662 8
5663 9
5664 8
5665 5
5666 6
5667 6
5668 15
5669 6
5670 21
5671 14
5672 9
5673 8
5674 4
5675 5
5676 4
5677 10
5678 11
5679 4
5680 5
5681 4
5682 10
5683 10
5684 8
5685 3
5686 6
5687 4
5688 6
5689 15
5690 6
5691 4
5692 5
5693 4
5694 6
5695 5
5696 8
5697 5
5698 21
5699 3
5700 4
5701 7
5702 5
5703 4
5704 3
5705 6
5706 26
5707 6
5708 8
5709 6
5710 10
5711 12
5712 7
5713 6
5714 14
5715 12
5716 8
5717 4
5718 7
5719 4
5720 5
5721 5
5722 3
5723 5
5724 2
5725 5
5726 6
5727 3
5728 15
5729 5
5730 6
5731 7
5732 4
5733 4
5734 4
5735 11
5736 9
5737 7
5738 6
5739 32
5740 9
5741 3
5742 3
5743 6
5744 6
5745 7
5746 32
5747 10
5748 4
5749 4
5750 12
5751 14
5752 7
5753 6
5754 3
5755 5
5756 8
5757 3
5758 11
5759 17
5760 5
5761 4
5762 4
5763 4
5764 7
5765 5
5766 15
5767 5
5768 4
5769 5
5770 5
5771 8
5772 5
5773 7
5774 4
5775 7
5776 5
5777 7
5778 6
5779 3
5780 10
5781 4
5782 2
5783 7
5784 6
5785 5
5786 4
5787 14
5788 12
5789 10
5790 5
5791 25
5792 11
5793 3
5794 8
5795 5
5796 6
5797 7
5798 3
5799 6
5800 6
5801 5
5802 4
5803 4
5804 5
5805 5
5806 17
5807 10
5808 4
5809 6
5810 4
5811 4
5812 6
5813 6
5814 12
5815 6
5816 7
5817 4
5818 5
5819 2
5820 3
5821 10
5822 3
5823 7
5824 5
5825 9
5826 11
5827 7
5828 9
5829 8
5830 3
5831 4
5832 4
5833 21
5834 14
5835 32
5836 18
5837 11
5838 8
5839 5
5840 4
5841 8
5842 12
5843 2
5844 2
5845 4
5846 9
5847 6
5848 6
5849 4
5850 3
5851 4
5852 4
5853 8
5854 3
5855 4
5856 5
5857 4
5858 4
5859 5
5860 4
5861 5
5862 5
5863 6
5864 4
5865 5
5866 5
5867 5
5868 7
5869 3
5870 7
5871 7
5872 16
5873 7
5874 4
5875 7
5876 16
5877 7
5878 6
5879 17
5880 3
5881 5
5882 3
5883 6
5884 4
5885 16
5886 6
5887 3
5888 8
5889 3
5890 3
5891 10
5892 9
5893 5
5894 9
5895 14
5896 4
5897 5
5898 5
5899 7
5900 5
5901 4
5902 5
5903 4
5904 3
5905 10
5906 4
5907 8
5908 2
5909 2
5910 5
5911 3
5912 6
5913 4
5914 6
5915 10
5916 4
5917 5
5918 11
5919 8
5920 3
5921 4
5922 14
5923 15
5924 2
5925 2
5926 4
5927 4
5928 4
5929 3
5930 4
5931 7
5932 5
5933 3
5934 6
5935 7
5936 11
5937 3
5938 6
5939 4
5940 4
5941 6
5942 6
5943 7
5944 5
5945 6
5946 9
5947 3
5948 4
5949 3
5950 5
5951 4
5952 14
5953 17
5954 23
5955 12
5956 12
5957 5
5958 4
5959 5
5960 5
5961 12
5962 5
5963 7
5964 5
5965 28
5966 7
5967 4
5968 9
5969 6
5970 3
5971 13
5972 4
5973 3
5974 6
5975 8
5976 7
5977 7
5978 9
5979 6
5980 10
5981 2
5982 4
5983 5
5984 4
5985 6
5986 9
5987 5
5988 4
5989 4
5990 4
5991 3
5992 7
5993 4
5994 12
5995 3
5996 3
5997 4
5998 3
5999 5
6000 5
6001 5
6002 9
6003 4
6004 3
6005 6
6006 17
6007 5
6008 5
6009 2
6010 3
6011 9
6012 13
6013 3
6014 21
6015 6
6016 4
6017 5
6018 7
6019 8
6020 5
6021 4
6022 6
6023 3
6024 5
6025 23
6026 4
6027 5
6028 6
6029 5
6030 12
6031 20
6032 10
6033 5
6034 11
6035 8
6036 9
6037 4
6038 6
6039 6
6040 7
6041 4
6042 10
6043 3
6044 15
6045 5
6046 12
6047 9
6048 4
6049 6
6050 6
6051 13
6052 16
6053 6
6054 7
6055 2
6056 8
6057 6
6058 5
6059 14
6060 6
6061 12
6062 7
6063 14
6064 4
6065 3
6066 6
6067 9
6068 7
6069 6
6070 6
6071 5
6072 10
6073 7
6074 5
6075 6
6076 4
6077 4
6078 2
6079 5
6080 4
6081 13
6082 2
6083 5
6084 4
6085 13
6086 9
6087 4
6088 6
6089 4
6090 4
6091 5
6092 3
6093 12
6094 5
6095 22
6096 2
6097 8
6098 4
6099 5
6100 5
6101 16
6102 6
6103 5
6104 31
6105 5
6106 11
6107 6
6108 7
6109 17
6110 11
6111 7
6112 12
6113 10
6114 14
6115 14
6116 1
6117 5
6118 5
6119 3
6120 5
6121 4
6122 5
6123 5
6124 4
6125 4
6126 6
6127 7
6128 6
6129 4
6130 4
6131 8
6132 7
6133 11
6134 11
6135 13
6136 19
6137 4
6138 9
6139 12
6140 7
6141 23
6142 5
6143 7
6144 6
6145 5
6146 7
6147 8
6148 4
6149 4
6150 4
6151 39
6152 3
6153 4
6154 8
6155 8
6156 3
6157 8
6158 5
6159 3
6160 9
6161 5
6162 6
6163 4
6164 5
6165 4
6166 3
6167 4
6168 4
6169 4
6170 8
6171 8
6172 3
6173 7
6174 4
6175 4
6176 6
6177 15
6178 14
6179 4
6180 10
6181 7
6182 4
6183 5
6184 6
6185 14
6186 3
6187 10
6188 4
6189 13
6190 7
6191 13
6192 5
6193 2
6194 3
6195 5
6196 8
6197 5
6198 6
6199 4
6200 5
6201 5
6202 5
6203 4
6204 7
6205 5
6206 3
6207 3
6208 5
6209 5
6210 3
6211 3
6212 8
6213 4
6214 6
6215 19
6216 5
6217 3
6218 11
6219 11
6220 14
6221 5
6222 12
6223 12
6224 9
6225 3
6226 6
6227 4
6228 4
6229 5
6230 5
6231 4
6232 4
6233 8
6234 5
6235 2
6236 17
6237 5
6238 5
6239 5
6240 5
6241 3
6242 7
6243 6
6244 5
6245 5
6246 12
6247 3
6248 5
6249 10
6250 9
6251 15
6252 8
6253 8
6254 16
6255 5
6256 4
6257 6
6258 2
6259 16
6260 5
6261 8
6262 7
6263 5
6264 12
6265 5
6266 10
6267 4
6268 3
6269 10
6270 7
6271 6
6272 7
6273 3
6274 9
6275 17
6276 12
6277 5
6278 7
6279 7
6280 3
6281 9
6282 10
6283 13
6284 3
6285 8
6286 6
6287 5
6288 10
6289 6
6290 7
6291 10
6292 19
6293 6
6294 7
6295 8
6296 5
6297 16
6298 3
6299 8
6300 7
6301 9
6302 9
6303 8
6304 4
6305 8
6306 3
6307 5
6308 5
6309 4
6310 6
6311 5
6312 8
6313 5
6314 2
6315 17
6316 7
6317 6
6318 5
6319 2
6320 13
6321 8
6322 7
6323 4
6324 16
6325 5
6326 7
6327 14
6328 9
6329 5
6330 4
6331 5
6332 6
6333 3
6334 3
6335 4
6336 9
6337 4
6338 6
6339 7
6340 3
6341 5
6342 5
6343 6
6344 4
6345 13
6346 6
6347 6
6348 5
6349 4
6350 10
6351 3
6352 12
6353 6
6354 4
6355 8
6356 6
6357 8
6358 6
6359 5
6360 6
6361 3
6362 6
6363 5
6364 9
6365 7
6366 4
6367 7
6368 11
6369 4
6370 12
6371 9
6372 8
6373 5
6374 6
6375 6
6376 7
6377 4
6378 2
6379 4
6380 9
6381 7
6382 5
6383 7
6384 4
6385 5
6386 3
6387 4
6388 17
6389 8
6390 5
6391 9
6392 4
6393 6
6394 4
6395 2
6396 6
6397 9
6398 5
6399 18
6400 7
6401 5
6402 3
6403 8
6404 7
6405 7
6406 7
6407 4
6408 5
6409 6
6410 3
6411 8
6412 3
6413 4
6414 4
6415 6
6416 9
6417 9
6418 6
6419 13
6420 13
6421 4
6422 3
6423 1
6424 8
6425 8
6426 4
6427 5
6428 4
6429 7
6430 5
6431 4
6432 5
6433 6
6434 6
6435 6
6436 4
6437 4
6438 14
6439 2
6440 13
6441 6
6442 14
6443 4
6444 9
6445 16
6446 4
6447 18
6448 6
6449 5
6450 5
6451 13
6452 5
6453 2
6454 10
6455 11
6456 4
6457 5
6458 5
6459 35
6460 5
6461 4
6462 5
6463 9
6464 5
6465 16
6466 4
6467 5
6468 8
6469 3
6470 5
6471 6
6472 9
6473 15
6474 11
6475 7
6476 7
6477 4
6478 17
6479 9
6480 5
6481 13
6482 4
6483 4
6484 6
6485 9
6486 4
6487 5
6488 10
6489 7
6490 6
6491 18
6492 5
6493 8
6494 4
6495 9
6496 6
6497 4
6498 5
6499 5
6500 7
6501 6
6502 5
6503 4
6504 10
6505 3
6506 17
6507 4
6508 18
6509 8
6510 5
6511 7
6512 6
6513 16
6514 7
6515 8
6516 8
6517 5
6518 6
6519 3
6520 9
6521 14
6522 9
6523 21
6524 4
6525 6
6526 9
6527 3
6528 6
6529 4
6530 4
6531 11
6532 4
6533 6
6534 8
6535 5
6536 5
6537 2
6538 6
6539 13
6540 9
6541 8
6542 3
6543 11
6544 2
6545 5
6546 6
6547 3
6548 5
6549 6
6550 14
6551 8
6552 4
6553 5
6554 4
6555 4
6556 4
6557 6
6558 13
6559 5
6560 5
6561 5
6562 11
6563 6
6564 6
6565 8
6566 5
6567 5
6568 13
6569 7
6570 7
6571 5
6572 5
6573 5
6574 4
6575 3
6576 5
6577 23
6578 10
6579 10
6580 4
6581 21
6582 5
6583 5
6584 6
6585 4
6586 5
6587 3
6588 4
6589 5
6590 3
6591 7
6592 6
6593 13
6594 6
6595 8
6596 4
6597 6
6598 6
6599 2
6600 14
6601 4
6602 8
6603 7
6604 6
6605 8
6606 5
6607 5
6608 4
6609 7
6610 3
6611 5
6612 8
6613 5
6614 7
6615 15
6616 3
6617 4
6618 5
6619 6
6620 5
6621 15
6622 5
6623 15
6624 11
6625 7
6626 12
6627 5
6628 5
6629 4
6630 4
6631 6
6632 13
6633 6
6634 4
6635 2
6636 3
6637 7
6638 10
6639 8
6640 5
6641 6
6642 4
6643 3
6644 4
6645 8
6646 12
6647 7
6648 9
6649 4
6650 6
6651 3
6652 4
6653 11
6654 17
6655 7
6656 5
6657 4
6658 12
6659 4
6660 11
6661 7
6662 11
6663 4
6664 6
6665 2
6666 4
6667 4
6668 6
6669 3
6670 7
6671 5
6672 4
6673 3
6674 3
6675 5
6676 6
6677 9
6678 5
6679 10
6680 5
6681 7
6682 20
6683 5
6684 6
6685 4
6686 4
6687 5
6688 9
6689 14
6690 18
6691 12
6692 5
6693 5
6694 3
6695 5
6696 3
6697 6
6698 3
6699 2
6700 4
6701 5
6702 5
6703 3
6704 11
6705 7
6706 8
6707 14
6708 12
6709 2
6710 4
6711 8
6712 10
6713 10
6714 6
6715 9
6716 11
6717 7
6718 4
6719 10
6720 11
6721 7
6722 9
6723 4
6724 4
6725 7
6726 6
6727 4
6728 12
6729 5
6730 7
6731 7
6732 2
6733 9
6734 5
6735 2
6736 5
6737 6
6738 3
6739 7
6740 7
6741 5
6742 8
6743 4
6744 3
6745 15
6746 6
6747 13
6748 5
6749 4
6750 12
6751 7
6752 2
6753 7
6754 6
6755 7
6756 3
6757 5
6758 5
6759 3
6760 3
6761 3
6762 4
6763 12
6764 6
6765 9
6766 13
6767 6
6768 4
6769 7
6770 4
6771 5
6772 6
6773 2
6774 7
6775 4
6776 4
6777 8
6778 3
6779 3
6780 5
6781 4
6782 7
6783 5
6784 9
6785 5
6786 5
6787 5
6788 13
6789 4
6790 14
6791 10
6792 3
6793 5
6794 5
6795 11
6796 5
6797 5
6798 7
6799 5
6800 4
6801 8
6802 6
6803 5
6804 4
6805 6
6806 3
6807 5
6808 5
6809 6
6810 4
6811 4
6812 6
6813 3
6814 3
6815 5
6816 3
6817 3
6818 6
6819 3
6820 3
6821 3
6822 12
6823 4
6824 7
6825 6
6826 11
6827 7
6828 5
6829 27
6830 8
6831 3
6832 4
6833 5
6834 6
6835 8
6836 9
6837 1
6838 3
6839 10
6840 8
6841 4
6842 4
6843 6
6844 4
6845 5
6846 4
6847 7
6848 5
6849 8
6850 8
6851 8
6852 5
6853 3
6854 5
6855 9
6856 5
6857 6
6858 3
6859 4
6860 13
6861 4
6862 5
6863 4
6864 4
6865 4
6866 4
6867 7
6868 6
6869 5
6870 6
6871 2
6872 5
6873 3
6874 7
6875 6
6876 7
6877 8
6878 7
6879 10
6880 6
6881 6
6882 4
6883 9
6884 5
6885 5
6886 3
6887 2
6888 6
6889 4
6890 4
6891 4
6892 4
6893 4
6894 5
6895 6
6896 19
6897 5
6898 7
6899 10
6900 9
6901 5
6902 9
6903 9
6904 5
6905 4
6906 8
6907 5
6908 6
6909 7
6910 3
6911 4
6912 6
6913 3
6914 6
6915 3
6916 7
6917 5
6918 3
6919 13
6920 3
6921 5
6922 8
6923 5
6924 9
6925 6
6926 10
6927 3
6928 7
6929 11
6930 4
6931 5
6932 10
6933 7
6934 5
6935 9
6936 6
6937 5
6938 3
6939 4
6940 7
6941 4
6942 19
6943 7
6944 7
6945 4
6946 6
6947 6
6948 7
6949 8
6950 11
6951 5
6952 4
6953 6
6954 4
6955 7
6956 4
6957 4
6958 5
6959 6
6960 1
6961 7
6962 4
6963 3
6964 8
6965 4
6966 11
6967 5
6968 5
6969 6
6970 4
6971 4
6972 5
6973 4
6974 10
6975 17
6976 6
6977 7
6978 4
6979 5
6980 32
6981 5
6982 7
6983 4
6984 5
6985 9
6986 10
6987 10
6988 8
6989 4
6990 5
6991 3
6992 4
6993 6
6994 1
6995 5
6996 4
6997 4
6998 5
6999 7
7000 6
7001 8
7002 6
7003 9
7004 6
7005 4
7006 4
7007 8
7008 8
7009 6
7010 3
7011 6
7012 9
7013 13
7014 5
7015 6
7016 5
7017 6
7018 4
7019 10
7020 5
7021 9
7022 6
7023 5
7024 4
7025 3
7026 4
7027 3
7028 5
7029 4
7030 3
7031 5
7032 15
7033 5
7034 5
7035 5
7036 5
7037 5
7038 6
7039 7
7040 3
7041 3
7042 3
7043 4
7044 3
7045 7
7046 4
7047 12
7048 6
7049 4
7050 14
7051 6
7052 10
7053 7
7054 5
7055 4
7056 5
7057 6
7058 3
7059 4
7060 3
7061 5
7062 5
7063 3
7064 6
7065 6
7066 13
7067 5
7068 6
7069 6
7070 8
7071 5
7072 7
7073 10
7074 4
7075 8
7076 6
7077 4
7078 2
7079 8
7080 14
7081 5
7082 4
7083 5
7084 5
7085 7
7086 10
7087 7
7088 5
7089 5
7090 22
7091 5
7092 10
7093 6
7094 4
7095 8
7096 18
7097 8
7098 5
7099 17
7100 4
7101 7
7102 6
7103 9
7104 6
7105 5
7106 6
7107 11
7108 4
7109 13
7110 6
7111 4
7112 9
7113 5
7114 4
7115 4
7116 4
7117 7
7118 19
7119 5
7120 4
7121 6
7122 4
7123 6
7124 4
7125 5
7126 5
7127 5
7128 4
7129 4
7130 4
7131 5
7132 4
7133 13
7134 4
7135 8
7136 5
7137 6
7138 7
7139 14
7140 6
7141 5
7142 7
7143 6
7144 6
7145 6
7146 11
7147 5
7148 3
7149 3
7150 4
7151 9
7152 3
7153 7
7154 2
7155 5
7156 5
7157 8
7158 5
7159 7
7160 5
7161 3
7162 6
7163 4
7164 2
7165 2
7166 8
7167 6
7168 4
7169 5
7170 8
7171 2
7172 7
7173 15
7174 3
7175 11
7176 15
7177 3
7178 2
7179 6
7180 4
7181 5
7182 4
7183 7
7184 8
7185 6
7186 6
7187 3
7188 4
7189 4
7190 4
7191 6
7192 6
7193 5
7194 10
7195 6
7196 3
7197 12
7198 4
7199 4
7200 4
7201 7
7202 7
7203 8
7204 10
7205 5
7206 5
7207 6
7208 6
7209 4
7210 12
7211 2
7212 4
7213 5
7214 4
7215 5
7216 5
7217 8
7218 6
7219 6
7220 6
7221 11
7222 6
7223 4
7224 5
7225 5
7226 6
7227 4
7228 3
7229 5
7230 4
7231 6
7232 4
7233 4
7234 5
7235 8
7236 7
7237 6
7238 3
7239 8
7240 13
7241 7
7242 3
7243 7
7244 5
7245 4
7246 8
7247 6
7248 19
7249 5
7250 5
7251 3
7252 4
7253 5
7254 5
7255 3
7256 4
7257 7
7258 13
7259 3
7260 5
7261 5
7262 6
7263 5
7264 6
7265 11
7266 4
7267 10
7268 6
7269 6
7270 3
7271 6
7272 3
7273 5
7274 3
7275 2
7276 5
7277 4
7278 16
7279 4
7280 12
7281 8
7282 3
7283 6
7284 8
7285 5
7286 11
7287 4
7288 7
7289 3
7290 6
7291 4
7292 5
7293 5
7294 4
7295 4
7296 5
7297 9
7298 5
7299 4
7300 10
7301 4
7302 5
7303 3
7304 3
7305 5
7306 9
7307 9
7308 6
7309 6
7310 4
7311 4
7312 8
7313 3
7314 13
7315 2
7316 2
7317 4
7318 6
7319 6
7320 6
7321 5
7322 5
7323 5
7324 3
7325 4
7326 5
7327 5
7328 6
7329 5
7330 5
7331 3
7332 9
7333 4
7334 5
7335 3
7336 4
7337 8
7338 5
7339 11
7340 6
7341 3
7342 4
7343 4
7344 7
7345 5
7346 7
7347 4
7348 4
7349 3
7350 5
7351 3
7352 7
7353 8
7354 6
7355 6
7356 6
7357 8
7358 7
7359 7
7360 2
7361 6
7362 3
7363 5
7364 4
7365 7
7366 6
7367 7
7368 6
7369 24
7370 9
7371 16
7372 6
7373 5
7374 3
7375 5
7376 7
7377 6
7378 11
7379 3
7380 9
7381 4
7382 7
7383 10
7384 7
7385 4
7386 9
7387 7
7388 4
7389 6
7390 10
7391 6
7392 15
7393 3
7394 5
7395 4
7396 10
7397 5
7398 4
7399 3
7400 5
7401 3
7402 10
7403 5
7404 5
7405 5
7406 7
7407 4
7408 11
7409 9
7410 14
7411 7
7412 3
7413 5
7414 7
7415 6
7416 5
7417 4
7418 8
7419 3
7420 6
7421 5
7422 5
7423 5
7424 6
7425 5
7426 4
7427 5
7428 5
7429 7
7430 3
7431 5
7432 3
7433 7
7434 11
7435 6
7436 3
7437 4
7438 3
7439 7
7440 6
7441 5
7442 4
7443 3
7444 4
7445 4
7446 6
7447 3
7448 15
7449 5
7450 6
7451 4
7452 5
7453 4
7454 6
7455 14
7456 3
7457 8
7458 6
7459 3
7460 5
7461 5
7462 3
7463 4
7464 4
7465 11
7466 6
7467 3
7468 4
7469 4
7470 8
7471 5
7472 3
7473 4
7474 4
7475 5
7476 5
7477 8
7478 4
7479 9
7480 4
7481 3
7482 3
7483 4
7484 12
7485 8
7486 5
7487 6
7488 5
7489 8
7490 4
7491 2
7492 5
7493 3
7494 2
7495 4
7496 3
7497 5
7498 4
7499 4
7500 7
7501 10
7502 8
7503 7
7504 6
7505 4
7506 5
7507 6
7508 5
7509 7
7510 6
7511 4
7512 8
7513 5
7514 6
7515 5
7516 3
7517 3
7518 10
7519 2
7520 6
7521 8
7522 5
7523 7
7524 5
7525 4
7526 7
7527 6
7528 3
7529 5
7530 5
7531 5
7532 5
7533 8
7534 7
7535 6
7536 9
7537 4
7538 7
7539 7
7540 6
7541 7
7542 5
7543 3
7544 4
7545 3
7546 2
7547 5
7548 9
7549 7
7550 5
7551 12
7552 5
7553 4
7554 5
7555 5
7556 7
7557 4
7558 7
7559 9
7560 8
7561 14
7562 6
7563 5
7564 5
7565 4
7566 6
7567 5
7568 6
7569 3
7570 9
7571 7
7572 2
7573 7
7574 9
7575 4
7576 7
7577 4
7578 6
7579 6
7580 11
7581 4
7582 11
7583 4
7584 6
7585 4
7586 3
7587 5
7588 4
7589 12
7590 5
7591 6
7592 4
7593 1
7594 6
7595 5
7596 4
7597 6
7598 3
7599 3
7600 5
7601 5
7602 9
7603 12
7604 8
7605 5
7606 8
7607 5
7608 3
7609 6
7610 2
7611 7
7612 5
7613 7
7614 6
7615 7
7616 4
7617 4
7618 7
7619 6
7620 5
7621 6
7622 5
7623 4
7624 5
7625 6
7626 14
7627 8
7628 6
7629 8
7630 5
7631 5
7632 2
7633 3
7634 4
7635 4
7636 4
7637 4
7638 6
7639 5
7640 6
7641 5
7642 13
7643 4
7644 4
7645 5
7646 12
7647 4
7648 5
7649 7
7650 10
7651 4
7652 5
7653 4
7654 15
7655 9
7656 5
7657 5
7658 4
7659 12
7660 8
7661 3
7662 7
7663 4
7664 7
7665 6
7666 6
7667 6
7668 5
7669 4
7670 8
7671 6
7672 6
7673 6
7674 7
7675 4
7676 4
7677 8
7678 5
7679 5
7680 7
7681 4
7682 4
7683 4
7684 9
7685 5
7686 5
7687 4
7688 6
7689 4
7690 8
7691 6
7692 8
7693 5
7694 6
7695 5
7696 4
7697 4
7698 4
7699 4
7700 5
7701 8
7702 4
7703 6
7704 2
7705 9
7706 3
7707 6
7708 11
7709 6
7710 5
7711 6
7712 5
7713 5
7714 3
7715 5
7716 4
7717 1
7718 4
7719 4
7720 5
7721 3
7722 4
7723 4
7724 4
7725 4
7726 3
7727 4
7728 3
7729 6
7730 5
7731 5
7732 7
7733 5
7734 7
7735 7
7736 4
7737 9
7738 5
7739 5
7740 4
7741 4
7742 5
7743 10
7744 5
7745 9
7746 4
7747 5
7748 4
7749 5
7750 7
7751 6
7752 10
7753 3
7754 6
7755 4
7756 4
7757 7
7758 5
7759 3
7760 3
7761 4
7762 9
7763 4
7764 8
7765 5
7766 9
7767 5
7768 7
7769 7
7770 5
7771 5
7772 3
7773 7
7774 3
7775 5
7776 10
7777 7
7778 8
7779 6
7780 4
7781 7
7782 8
7783 4
7784 3
7785 5
7786 4
7787 4
7788 4
7789 5
7790 6
7791 6
7792 2
7793 2
7794 7
7795 4
7796 5
7797 15
7798 5
7799 5
7800 4
7801 3
7802 6
7803 7
7804 3
7805 4
7806 3
7807 5
7808 6
7809 5
7810 4
7811 8
7812 5
7813 3
7814 3
7815 6
7816 4
7817 4
7818 3
7819 10
7820 6
7821 9
7822 5
7823 4
7824 7
7825 4
7826 4
7827 5
7828 4
7829 11
7830 10
7831 9
7832 3
7833 5
7834 8
7835 9
7836 6
7837 3
7838 4
7839 4
7840 4
7841 4
7842 6
7843 4
7844 4
7845 3
7846 5
7847 4
7848 4
7849 3
7850 4
7851 7
7852 6
7853 4
7854 6
7855 4
7856 8
7857 6
7858 4
7859 7
7860 4
7861 10
7862 4
7863 5
7864 4
7865 4
7866 4
7867 8
7868 4
7869 5
7870 3
7871 7
7872 4
7873 5
7874 9
7875 5
7876 6
7877 6
7878 8
7879 4
7880 3
7881 3
7882 9
7883 7
7884 6
7885 5
7886 6
7887 9
7888 6
7889 7
7890 10
7891 8
7892 6
7893 7
7894 7
7895 3
7896 3
7897 5
7898 5
7899 6
7900 3
7901 4
7902 5
7903 3
7904 6
7905 4
7906 5
7907 3
7908 4
7909 5
7910 5
7911 4
7912 4
7913 5
7914 6
7915 4
7916 4
7917 6
7918 3
7919 5
7920 6
7921 5
7922 5
7923 4
7924 3
7925 4
7926 3
7927 2
7928 7
7929 3
7930 3
7931 7
7932 6
7933 6
7934 4
7935 4
7936 4
7937 3
7938 6
7939 6
7940 4
7941 9
7942 7
7943 5
7944 5
7945 3
7946 7
7947 4
7948 8
7949 5
7950 5
7951 5
7952 5
7953 5
7954 6
7955 4
7956 5
7957 6
7958 12
7959 5
7960 6
7961 5
7962 4
7963 7
7964 7
7965 6
7966 5
7967 4
7968 8
7969 8
7970 7
7971 4
7972 3
7973 4
7974 7
7975 5
7976 5
7977 4
7978 3
7979 3
7980 5
7981 3
7982 5
7983 3
7984 6
7985 12
7986 4
7987 6
7988 5
7989 4
7990 4
7991 5
7992 6
7993 4
7994 5
7995 4
7996 9
7997 4
7998 4
7999 7
8000 4
8001 2
8002 4
8003 6
8004 4
8005 3
8006 6
8007 3
8008 6
8009 5
8010 4
8011 6
8012 6
8013 7
8014 7
8015 3
8016 4
8017 3
8018 3
8019 5
8020 6
8021 9
8022 7
8023 4
8024 9
8025 5
8026 5
8027 5
8028 5
8029 7
8030 9
8031 6
8032 5
8033 4
8034 7
8035 4
8036 6
8037 6
8038 3
8039 5
8040 3
8041 4
8042 12
8043 5
8044 5
8045 5
8046 4
8047 5
8048 4
8049 4
8050 5
8051 3
8052 4
8053 9
8054 5
8055 2
8056 4
8057 8
8058 7
8059 5
8060 8
8061 6
8062 11
8063 4
8064 6
8065 4
8066 7
8067 4
8068 3
8069 2
8070 8
8071 2
8072 6
8073 4
8074 4
8075 2
8076 5
8077 4
8078 4
8079 3
8080 6
8081 3
8082 4
8083 4
8084 4
8085 4
8086 5
8087 5
8088 6
8089 4
8090 3
8091 6
8092 5
8093 5
8094 5
8095 4
8096 10
8097 7
8098 2
8099 6
8100 3
8101 3
8102 4
8103 6
8104 5
8105 5
8106 5
8107 6
8108 4
8109 4
8110 7
8111 7
8112 4
8113 8
8114 7
8115 7
8116 4
8117 4
8118 5
8119 2
8120 6
8121 4
8122 5
8123 8
8124 4
8125 5
8126 5
8127 5
8128 5
8129 4
8130 5
8131 4
8132 3
8133 12
8134 5
8135 13
8136 6
8137 4
8138 9
8139 5
8140 4
8141 6
8142 5
8143 7
8144 4
8145 5
8146 5
8147 5
8148 8
8149 3
8150 3
8151 13
8152 5
8153 7
8154 4
8155 5
8156 6
8157 6
8158 6
8159 8
8160 4
8161 8
8162 4
8163 6
8164 4
8165 11
8166 7
8167 6
8168 1
8169 5
8170 5
8171 9
8172 4
8173 5
8174 7
8175 9
8176 3
8177 5
8178 4
8179 4
8180 4
8181 9
8182 4
8183 2
8184 5
8185 7
8186 6
8187 5
8188 7
8189 5
8190 8
8191 3
8192 4
8193 6
8194 6
8195 7
8196 2
8197 2
8198 4
8199 4
8200 3
8201 9
8202 5
8203 3
8204 6
8205 5
8206 5
8207 5
8208 4
8209 1
8210 4
8211 3
8212 6
8213 4
8214 4
8215 4
8216 5
8217 15
8218 5
8219 4
8220 3
8221 4
8222 4
8223 5
8224 4
8225 6
8226 3
8227 6
8228 7
8229 6
8230 6
8231 6
8232 5
8233 4
8234 5
8235 4
8236 2
8237 4
8238 6
8239 7
8240 6
8241 3
8242 3
8243 9
8244 5
8245 2
8246 11
8247 4
8248 7
8249 6
8250 4
8251 3
8252 10
8253 4
8254 5
8255 3
8256 5
8257 6
8258 5
8259 4
8260 5
8261 5
8262 7
8263 6
8264 4
8265 5
8266 5
8267 6
8268 6
8269 5
8270 5
8271 3
8272 10
8273 3
8274 7
8275 6
8276 3
8277 5
8278 7
8279 6
8280 5
8281 5
8282 8
8283 6
8284 6
8285 4
8286 6
8287 5
8288 3
8289 4
8290 6
8291 6
8292 7
8293 4
8294 2
8295 7
8296 4
8297 7
8298 4
8299 8
8300 4
8301 7
8302 4
8303 7
8304 13
8305 4
8306 4
8307 3
8308 4
8309 5
8310 4
8311 9
8312 5
8313 4
8314 6
8315 6
8316 3
8317 6
8318 5
8319 4
8320 4
8321 6
8322 5
8323 4
8324 8
8325 5
8326 3
8327 3
8328 5
8329 4
8330 7
8331 4
8332 4
8333 3
8334 4
8335 6
8336 4
8337 4
8338 4
8339 7
8340 6
8341 6
8342 3
8343 5
8344 3
8345 9
8346 4
8347 6
8348 10
8349 4
8350 4
8351 5
8352 5
8353 5
8354 7
8355 5
8356 2
8357 5
8358 7
8359 4
8360 5
8361 3
8362 5
8363 4
8364 9
8365 6
8366 3
8367 9
8368 5
8369 5
8370 3
8371 4
8372 9
8373 5
8374 6
8375 4
8376 4
8377 9
8378 4
8379 4
8380 5
8381 7
8382 5
8383 3
8384 6
8385 10
8386 5
8387 8
8388 5
8389 7
8390 7
8391 4
8392 5
8393 9
8394 7
8395 5
8396 4
8397 8
8398 6
8399 6
8400 6
8401 4
8402 3
8403 4
8404 4
8405 8
8406 6
8407 5
8408 4
8409 4
8410 5
8411 2
8412 10
8413 4
8414 4
8415 4
8416 4
8417 5
8418 7
8419 4
8420 4
8421 5
8422 2
8423 6
8424 4
8425 6
8426 4
8427 5
8428 5
8429 4
8430 5
8431 4
8432 6
8433 4
8434 5
8435 6
8436 4
8437 3
8438 6
8439 6
8440 5
8441 7
8442 4
8443 4
8444 5
8445 4
8446 5
8447 5
8448 4
8449 5
8450 5
8451 6
8452 6
8453 8
8454 8
8455 4
8456 5
8457 4
8458 6
8459 3
8460 4
8461 4
8462 5
8463 6
8464 5
8465 5
8466 4
8467 5
8468 6
8469 5
8470 4
8471 4
8472 5
8473 4
8474 3
8475 3
8476 3
8477 6
8478 6
8479 7
8480 5
8481 5
8482 4
8483 9
8484 3
8485 4
8486 4
8487 4
8488 6
8489 3
8490 10
8491 4
8492 3
8493 3
8494 3
8495 4
8496 5
8497 6
8498 2
8499 4
8500 4
8501 6
8502 3
8503 7
8504 5
8505 5
8506 5
8507 3
8508 5
8509 5
8510 5
8511 7
8512 7
8513 3
8514 7
8515 5
8516 6
8517 3
8518 5
8519 4
8520 7
8521 3
8522 4
8523 6
8524 8
8525 8
8526 3
8527 3
8528 6
8529 7
8530 8
8531 3
8532 4
8533 7
8534 4
8535 6
8536 5
8537 2
8538 4
8539 3
8540 3
8541 3
8542 3
8543 5
8544 8
8545 3
8546 5
8547 4
8548 5
8549 4
8550 5
8551 6
8552 3
8553 4
8554 2
8555 5
8556 4
8557 4
8558 4
8559 7
8560 6
8561 4
8562 5
8563 3
8564 2
8565 3
8566 5
8567 5
8568 4
8569 6
8570 5
8571 7
8572 3
8573 5
8574 2
8575 5
8576 3
8577 6
8578 4
8579 5
8580 4
8581 1
8582 4
8583 5
8584 5
8585 5
8586 2
8587 5
8588 5
8589 3
8590 3
8591 5
8592 4
8593 7
8594 4
8595 5
8596 5
8597 4
8598 5
8599 6
8600 5
8601 6
8602 3
8603 3
8604 8
8605 4
8606 4
8607 2
8608 2
8609 5
8610 4
8611 4
8612 3
8613 4
8614 6
8615 2
8616 5
8617 7
8618 2
8619 4
8620 3
8621 7
8622 2
8623 2
8624 5
8625 5
8626 7
8627 5
8628 5
8629 6
8630 5
8631 4
8632 4
8633 5
8634 6
8635 5
8636 7
8637 4
8638 4
8639 2
8640 4
8641 6
8642 5
8643 6
8644 4
8645 7
8646 3
8647 6
8648 2
8649 4
8650 4
8651 4
8652 5
8653 4
8654 9
8655 4
8656 4
8657 9
8658 5
8659 4
8660 4
8661 3
8662 4
8663 4
8664 5
8665 7
8666 7
8667 5
8668 3
8669 4
8670 4
8671 10
8672 5
8673 6
8674 5
8675 5
8676 5
8677 5
8678 6
8679 3
8680 5
8681 4
8682 6
8683 7
8684 6
8685 3
8686 3
8687 4
8688 7
8689 5
8690 4
8691 4
8692 5
8693 6
8694 6
8695 5
8696 5
8697 4
8698 4
8699 3
8700 6
8701 2
8702 6
8703 4
8704 5
8705 4
8706 3
8707 11
8708 5
8709 7
8711 4
8712 4
8713 4
8714 5
8715 3
8716 5
8717 5
8718 4
8719 6
8720 4
8721 4
8722 6
8723 6
8724 7
8725 5
8726 6
8727 5
8728 3
8729 5
8730 4
8731 8
8732 3
8733 5
8734 4
8735 4
8736 3
8737 4
8738 2
8739 5
8740 6
8741 3
8742 5
8743 6
8744 6
8745 5
8746 2
8747 5
8748 3
8749 4
8750 4
8751 3
8752 6
8753 4
8754 6
8755 7
8756 8
8757 4
8758 5
8759 6
8760 5
8761 3
8762 3
8763 7
8764 4
8765 4
8766 3
8767 5
8768 6
8769 5
8770 5
8771 2
8772 4
8773 3
8774 5
8775 5
8776 5
8777 4
8778 5
8779 6
8780 4
8781 5
8782 4
8783 5
8784 5
8785 4
8786 6
8787 4
8788 5
8789 5
8790 5
8791 4
8792 3
8793 6
8794 3
8795 5
8796 2
8797 6
8798 6
8799 5
8800 4
8801 4
8802 4
8803 3
8804 4
8805 4
8806 4
8807 6
8808 4
8809 5
8810 3
8811 4
8812 5
8813 4
8814 4
8815 3
8816 5
8817 3
8818 4
8819 4
8820 3
8821 4
8822 3
8823 3
8824 3
8825 4
8826 2
8827 5
8828 5
8829 5
8830 4
8831 4
8832 4
8833 5
8834 3
8835 6
8836 4
8837 3
8838 6
8839 4
8840 4
8841 3
8842 4
8843 3
8844 3
8845 6
8846 4
8847 3
8848 2
8849 5
8850 4
8851 4
8852 4
